((11292,01-01),(List(120756.0, 6045.0, 3651.0, 20.006118375757826, 31.388055932912447, 10.0),List(11211.0, 581.0, 397.0, 19.2960413080895, 28.239294710327457, 1.0),3.148761222584991))
((11292,01-02),(List(131789.0, 6502.0, 4111.0, 20.362954674357898, 31.458432863858224, 10.0),List(9882.0, 645.0, 359.0, 15.320930232558139, 27.526462395543174, 1.0),3.9319704683150505))
((11292,01-03),(List(139082.0, 6341.0, 4012.0, 22.214510746553977, 33.461294649802696, 10.0),List(7145.0, 611.0, 247.0, 11.693944353518821, 28.927125506072876, 1.0),4.5341691437298195))
((11292,01-04),(List(151251.0, 6099.0, 3940.0, 25.950369846893132, 34.90439794270838, 10.0),List(4074.0, 643.0, 193.0, 6.335925349922239, 21.10880829015544, 1.0),13.795589652552938))
((11292,01-05),(List(127011.0, 5944.0, 3528.0, 21.855147706347335, 32.19836053540716, 10.0),List(4547.0, 548.0, 175.0, 8.297445255474452, 25.982857142857142, 1.0),6.215503392550019))
((11292,01-06),(List(99784.0, 5911.0, 3148.0, 17.13879466812163, 28.819451702342622, 10.0),List(11083.0, 624.0, 253.0, 17.76121794871795, 43.80632411067194, 1.0),-14.986872408329315))
((11292,01-07),(List(92047.0, 5715.0, 3070.0, 16.701934217424093, 29.145783042748825, 10.0),List(13095.0, 613.0, 284.0, 21.36215334420881, 46.109154929577464, 1.0),-16.96337188682864))
((11292,01-08),(List(78347.0, 5710.0, 2802.0, 13.95724346723804, 26.809730309237505, 10.0),List(2524.0, 593.0, 114.0, 4.256323777403035, 22.140350877192983, 1.0),4.669379432044522))
((11292,01-09),(List(102646.0, 5649.0, 2914.0, 18.37646204223069, 31.248693488292428, 10.0),List(4538.0, 597.0, 111.0, 7.601340033500837, 40.88288288288288, 1.0),-9.634189394590454))
((11292,01-10),(List(65989.0, 5598.0, 2519.0, 11.740202215275755, 24.75827791260915, 10.0),List(3779.0, 607.0, 122.0, 6.225700164744646, 30.975409836065573, 1.0),-6.217131923456424))
((11292,01-11),(List(83368.0, 5699.0, 2755.0, 14.693453058851151, 27.584657493624213, 10.0),List(7265.0, 604.0, 248.0, 12.028145695364238, 29.294354838709676, 1.0),-1.7096973450854627))
((11292,01-12),(List(70244.0, 5824.0, 2831.0, 12.258933285719369, 24.57274301375004, 10.0),List(5925.0, 512.0, 155.0, 11.572265625, 38.225806451612904, 1.0),-13.653063437862865))
((11292,01-13),(List(51470.0, 5891.0, 2346.0, 8.778220607885965, 21.40055416988594, 10.0),List(5333.0, 586.0, 145.0, 9.100682593856655, 36.779310344827586, 1.0),-15.378756174941646))
((11292,01-14),(List(49249.0, 5629.0, 2267.0, 8.7311248430858, 21.566030947462973, 10.0),List(3715.0, 616.0, 143.0, 6.0308441558441555, 25.97902097902098, 1.0),-4.412990031558007))
((11292,01-15),(List(64344.0, 5729.0, 2505.0, 11.073012722490784, 23.84909012763713, 10.0),List(3042.0, 585.0, 108.0, 5.2, 28.166666666666668, 1.0),-4.317576539029538))
((11292,01-16),(List(63425.0, 5708.0, 2581.0, 11.003515569090933, 23.72728789969433, 10.0),List(4163.0, 583.0, 141.0, 7.1406518010291595, 29.52482269503546, 1.0),-5.797534795341132))
((11292,01-17),(List(52684.0, 5587.0, 2283.0, 9.411121160642658, 23.41575132129369, 10.0),List(5623.0, 603.0, 179.0, 9.325041459369817, 31.41340782122905, 1.0),-7.99765649993536))
((11292,01-18),(List(52174.0, 5706.0, 2163.0, 9.150870122992803, 24.34378227214583, 10.0),List(7204.0, 601.0, 228.0, 11.986688851913478, 31.596491228070175, 1.0),-7.252708955924344))
((11292,01-19),(List(54971.0, 5830.0, 2185.0, 9.28939081181159, 25.23437126416751, 10.0),List(6248.0, 500.0, 168.0, 12.496, 37.19047619047619, 1.0),-11.95610492630868))
((11292,01-20),(List(51561.0, 5856.0, 2181.0, 8.798370938413848, 23.53032360164129, 10.0),List(6608.0, 562.0, 196.0, 11.758007117437723, 33.714285714285715, 1.0),-10.183962112644426))
((11292,01-21),(List(80519.0, 5521.0, 2412.0, 15.075683461805486, 31.115970202018396, 10.0),List(12583.0, 597.0, 252.0, 21.077051926298157, 49.932539682539684, 1.0),-18.816569480521288))
((11292,01-22),(List(67881.0, 5687.0, 2282.0, 11.99589692451214, 29.401890442606593, 10.0),List(12305.0, 579.0, 338.0, 21.25215889464594, 36.405325443786985, 1.0),-7.003435001180392))
((11292,01-23),(List(57014.0, 5664.0, 2262.0, 9.792261682124725, 24.555846228147665, 10.0),List(9537.0, 590.0, 215.0, 16.164406779661018, 44.35813953488372, 1.0),-19.802293306736054))
((11292,01-24),(List(51672.0, 5568.0, 2088.0, 9.146622023612213, 24.18625128903674, 10.0),List(15589.0, 606.0, 372.0, 25.724422442244226, 41.905913978494624, 1.0),-17.719662689457884))
((11292,01-25),(List(53768.0, 5714.0, 2154.0, 9.335109799251102, 23.82028646137434, 10.0),List(7019.0, 613.0, 226.0, 11.450244698205546, 31.057522123893804, 1.0),-7.237235662519463))
((11292,01-26),(List(50199.0, 5746.0, 2070.0, 8.647329472243062, 22.75862159967334, 10.0),List(4951.0, 519.0, 128.0, 9.539499036608863, 38.6796875, 1.0),-15.92106590032666))
((11292,01-27),(List(53280.0, 5789.0, 2050.0, 9.107445307979678, 24.287405726058747, 10.0),List(4882.0, 580.0, 181.0, 8.417241379310346, 26.972375690607734, 1.0),-2.684969964548987))
((11292,01-28),(List(48697.0, 5615.0, 2059.0, 8.519491824309288, 21.845115711961455, 10.0),List(11400.0, 605.0, 318.0, 18.84297520661157, 35.84905660377358, 1.0),-14.003940891812128))
((11292,01-29),(List(47612.0, 5726.0, 1923.0, 8.3352092447151, 23.663645104882654, 10.0),List(4567.0, 556.0, 195.0, 8.214028776978417, 23.42051282051282, 1.0),0.24313228436983536))
((11292,01-30),(List(46432.0, 5666.0, 1850.0, 8.23973803805831, 23.070958315418668, 10.0),List(3729.0, 562.0, 145.0, 6.635231316725979, 25.717241379310344, 1.0),-2.6462830638916763))
((11292,01-31),(List(66472.0, 5525.0, 2289.0, 11.751785715664406, 25.709613688998406, 10.0),List(6458.0, 599.0, 185.0, 10.781302170283807, 34.90810810810811, 1.0),-9.198494419109704))
((11292,02-01),(List(67620.0, 5334.0, 2415.0, 13.457809709974015, 26.92162153553146, 10.0),List(8240.0, 615.0, 215.0, 13.398373983739837, 38.325581395348834, 1.0),-11.403959859817373))
((11292,02-02),(List(69262.0, 5615.0, 2465.0, 12.862130938930132, 26.410288292490073, 10.0),List(5686.0, 508.0, 153.0, 11.192913385826772, 37.16339869281046, 1.0),-10.753110400320388))
((11292,02-03),(List(70095.0, 5623.0, 2428.0, 12.851604744220111, 27.121084968264626, 10.0),List(6690.0, 552.0, 144.0, 12.119565217391305, 46.458333333333336, 1.0),-19.33724836506871))
((11292,02-04),(List(71087.0, 5623.0, 2539.0, 12.892482813715807, 25.800421759101248, 10.0),List(9255.0, 614.0, 223.0, 15.07328990228013, 41.502242152466366, 1.0),-15.701820393365118))
((11292,02-05),(List(59549.0, 5672.0, 2145.0, 10.56298648540839, 26.31919554420769, 10.0),List(6384.0, 570.0, 191.0, 11.2, 33.424083769633505, 1.0),-7.104888225425814))
((11292,02-06),(List(54802.0, 5719.0, 2178.0, 9.403794197836351, 22.845497924692054, 10.0),List(19689.0, 573.0, 428.0, 34.361256544502616, 46.00233644859813, 1.0),-23.156838523906075))
((11292,02-07),(List(57405.0, 5529.0, 2240.0, 9.935117823089328, 24.021047173945874, 10.0),List(15204.0, 598.0, 395.0, 25.4247491638796, 38.49113924050633, 1.0),-14.470092066560454))
((11292,02-08),(List(75876.0, 5673.0, 2686.0, 13.381013480542833, 26.65044436565273, 10.0),List(9406.0, 614.0, 259.0, 15.319218241042345, 36.316602316602314, 1.0),-9.666157950949582))
((11292,02-09),(List(66901.0, 5764.0, 2463.0, 11.736735932833149, 25.984485293964745, 10.0),List(5289.0, 513.0, 197.0, 10.309941520467836, 26.84771573604061, 1.0),-0.8632304420758636))
((11292,02-10),(List(67496.0, 5850.0, 2571.0, 11.846592188816219, 24.53593152360507, 10.0),List(8142.0, 580.0, 289.0, 14.037931034482758, 28.173010380622838, 1.0),-3.6370788570177695))
((11292,02-11),(List(57923.0, 5732.0, 2407.0, 10.107260025627895, 23.258459240123464, 10.0),List(10497.0, 611.0, 285.0, 17.180032733224223, 36.83157894736842, 1.0),-13.573119707244956))
((11292,02-12),(List(53014.0, 5863.0, 2344.0, 8.888662098161504, 22.20256241604431, 10.0),List(9962.0, 585.0, 240.0, 17.02905982905983, 41.50833333333333, 1.0),-19.305770917289024))
((11292,02-13),(List(54475.0, 5867.0, 2356.0, 9.167516850346628, 22.717439020555265, 10.0),List(8287.0, 579.0, 201.0, 14.312607944732298, 41.22885572139303, 1.0),-18.511416700837767))
((11292,02-14),(List(53740.0, 5734.0, 2217.0, 9.283110145040506, 23.41887705705986, 10.0),List(11077.0, 624.0, 248.0, 17.751602564102566, 44.66532258064516, 1.0),-21.2464455235853))
((11292,02-15),(List(60755.0, 5935.0, 2528.0, 10.463124432647383, 24.2470473354751, 10.0),List(8414.0, 634.0, 232.0, 13.271293375394322, 36.26724137931034, 1.0),-12.020194043835243))
((11292,02-16),(List(71703.0, 6106.0, 2683.0, 11.868033262759866, 25.04430291448606, 10.0),List(6102.0, 511.0, 230.0, 11.941291585127201, 26.530434782608694, 1.0),-1.4861318681226336))
((11292,02-17),(List(62501.0, 6184.0, 2624.0, 10.133406394381073, 23.62644495329652, 10.0),List(9976.0, 587.0, 260.0, 16.99488926746167, 38.36923076923077, 1.0),-14.742785815934248))
((11292,02-18),(List(72163.0, 5989.0, 2715.0, 11.944546803630235, 25.752798534967617, 10.0),List(12078.0, 628.0, 368.0, 19.23248407643312, 32.82065217391305, 1.0),-7.067853638945429))
((11292,02-19),(List(67216.0, 6133.0, 2663.0, 11.000060266148749, 24.849800110819622, 10.0),List(7730.0, 605.0, 289.0, 12.776859504132231, 26.747404844290656, 1.0),-1.8976047334710344))
((11292,02-20),(List(83814.0, 5943.0, 3027.0, 14.061066855989873, 27.862461739624656, 10.0),List(10594.0, 605.0, 290.0, 17.510743801652893, 36.53103448275862, 1.0),-8.668572743133964))
((11292,02-21),(List(105634.0, 5919.0, 3157.0, 18.104443200305973, 30.51630735699485, 10.0),List(10932.0, 626.0, 291.0, 17.463258785942493, 37.56701030927835, 1.0),-7.050702952283501))
((11292,02-22),(List(97429.0, 5981.0, 3073.0, 16.773642124833888, 30.61265826703117, 10.0),List(30286.0, 586.0, 363.0, 51.68259385665529, 83.43250688705234, 1.0),-52.819848620021176))
((11292,02-23),(List(75905.0, 6126.0, 2981.0, 12.506352182217267, 24.65952560465214, 10.0),List(12208.0, 511.0, 368.0, 23.89041095890411, 33.17391304347826, 1.0),-8.51438743882612))
((11292,02-24),(List(83541.0, 5890.0, 2749.0, 16.338711737006765, 30.822706650906206, 10.0),List(10112.0, 602.0, 267.0, 16.79734219269103, 37.87265917602996, 1.0),-7.049952525123757))
((11292,02-25),(List(75704.0, 5897.0, 2917.0, 12.866871315034084, 24.611144541793752, 10.0),List(11312.0, 628.0, 280.0, 18.012738853503183, 40.4, 1.0),-15.788855458206246))
((11292,02-26),(List(89196.0, 6107.0, 2957.0, 14.893131006583644, 28.102928164937573, 10.0),List(12301.0, 584.0, 253.0, 21.063356164383563, 48.6205533596838, 1.0),-20.517625194746223))
((11292,02-27),(List(58296.0, 6017.0, 2626.0, 9.544834997034709, 22.10695638776938, 10.0),List(10233.0, 605.0, 279.0, 16.91404958677686, 36.67741935483871, 1.0),-14.570462967069332))
((11292,02-28),(List(66147.0, 5942.0, 2634.0, 11.42138254942213, 23.837190902770033, 10.0),List(7500.0, 627.0, 245.0, 11.961722488038278, 30.612244897959183, 1.0),-6.77505399518915))
((11292,03-01),(List(89627.0, 6024.0, 2933.0, 15.774437884860024, 29.090279739307146, 10.0),List(9212.0, 627.0, 261.0, 14.692185007974482, 35.29501915708812, 1.0),-6.204739417780974))
((11292,03-02),(List(82520.0, 6149.0, 2731.0, 13.60600655682191, 29.47220054295069, 10.0),List(10072.0, 500.0, 254.0, 20.144, 39.653543307086615, 1.0),-10.181342764135923))
((11292,03-03),(List(66521.0, 6049.0, 2521.0, 11.313927539898321, 24.748757177600694, 10.0),List(16940.0, 597.0, 438.0, 28.375209380234505, 38.67579908675799, 1.0),-13.927041909157296))
((11292,03-04),(List(66409.0, 6117.0, 2697.0, 10.89883291159655, 24.752971238131973, 10.0),List(12920.0, 640.0, 345.0, 20.1875, 37.44927536231884, 1.0),-12.69630412418687))
((11292,03-05),(List(85939.0, 6103.0, 2709.0, 14.330044212514732, 29.110135918007664, 10.0),List(5163.0, 606.0, 210.0, 8.51980198019802, 24.585714285714285, 1.0),4.524421632293379))
((11292,03-06),(List(80578.0, 6070.0, 2500.0, 14.007727085356047, 29.110632675906594, 10.0),List(5452.0, 617.0, 216.0, 8.836304700162074, 25.24074074074074, 1.0),3.869891935165853))
((11292,03-07),(List(87659.0, 6062.0, 3018.0, 14.57841397057621, 27.985837856664745, 10.0),List(8126.0, 652.0, 301.0, 12.463190184049079, 26.996677740863788, 1.0),0.9891601158009564))
((11292,03-08),(List(67948.0, 6218.0, 2707.0, 10.897172629052466, 25.467882033929783, 10.0),List(7090.0, 656.0, 256.0, 10.807926829268293, 27.6953125, 1.0),-2.227430466070217))
((11292,03-09),(List(60565.0, 6070.0, 2482.0, 10.997454693360663, 25.060689370660036, 10.0),List(14557.0, 580.0, 288.0, 25.098275862068967, 50.545138888888886, 1.0),-25.48444951822885))
((11292,03-10),(List(63921.0, 6248.0, 2681.0, 10.155271724753694, 23.467867439634382, 10.0),List(12809.0, 654.0, 362.0, 19.585626911314986, 35.38397790055249, 1.0),-11.916110460918105))
((11292,03-11),(List(60939.0, 6375.0, 2532.0, 9.57188132771432, 24.24568147577003, 10.0),List(8420.0, 666.0, 249.0, 12.642642642642643, 33.81526104417671, 1.0),-9.569579568406677))
((11292,03-12),(List(68412.0, 6316.0, 2611.0, 10.859170257681193, 25.992838382752307, 10.0),List(7637.0, 653.0, 247.0, 11.695252679938744, 30.91902834008097, 1.0),-4.926189957328663))
((11292,03-13),(List(55880.0, 6256.0, 2479.0, 8.98284121931747, 22.67095621259495, 10.0),List(620.0, 100.0, 56.0, 6.2, 11.071428571428571, 1.0),11.59952764116638))
((11292,03-14),(List(67585.0, 6205.0, 2582.0, 10.87589572462166, 25.776664797674123, 10.0),List(40837.0, 394.0, 363.0, 103.6472081218274, 112.49862258953168, 1.0),-86.72195779185756))
((11292,03-15),(List(58151.0, 6317.0, 2504.0, 9.251623225159168, 23.43492079508352, 10.0),List(15292.0, 662.0, 353.0, 23.099697885196374, 43.32011331444759, 1.0),-19.885192519364068))
((11292,03-16),(List(55943.0, 6405.0, 2412.0, 8.792683782183259, 23.087480893893837, 10.0),List(9355.0, 590.0, 267.0, 15.85593220338983, 35.0374531835206, 1.0),-11.94997228962676))
((11292,03-17),(List(69797.0, 6250.0, 2651.0, 11.189569286079145, 24.331527365461746, 10.0),List(6378.0, 654.0, 203.0, 9.752293577981652, 31.41871921182266, 1.0),-7.087191846360913))
((11292,03-18),(List(96632.0, 6380.0, 3140.0, 15.15296090295989, 28.18025134485898, 10.0),List(5544.0, 656.0, 181.0, 8.451219512195122, 30.629834254143645, 1.0),-2.449582909284665))
((11292,03-19),(List(71610.0, 6313.0, 2897.0, 11.266396770130282, 23.673393199238483, 10.0),List(2873.0, 645.0, 161.0, 4.454263565891472, 17.84472049689441, 1.0),5.828672702344072))
((11292,03-20),(List(69065.0, 6276.0, 2802.0, 11.026951769445237, 25.019150342120035, 10.0),List(5356.0, 657.0, 191.0, 8.15220700152207, 28.041884816753928, 1.0),-3.022734474633893))
((11292,03-21),(List(57495.0, 6199.0, 2594.0, 9.221799175303357, 22.411768208925338, 10.0),List(7547.0, 665.0, 218.0, 11.348872180451128, 34.61926605504587, 1.0),-12.207497846120532))
((11292,03-22),(List(79192.0, 6279.0, 2932.0, 12.602766408473352, 25.66909118978279, 10.0),List(12847.0, 662.0, 280.0, 19.406344410876134, 45.88214285714286, 1.0),-20.21305166736007))
((11292,03-23),(List(122457.0, 5524.0, 2700.0, 26.336215162071568, 41.34122340297809, 10.0),List(8066.0, 592.0, 237.0, 13.625, 34.0337552742616, 1.0),7.307468128716486))
((11292,03-24),(List(110972.0, 6075.0, 3330.0, 18.481447009032795, 29.252906955574712, 10.0),List(8416.0, 650.0, 217.0, 12.947692307692307, 38.78341013824885, 1.0),-9.530503182674135))
((11292,03-25),(List(71136.0, 6378.0, 2892.0, 11.170799807849782, 24.26161029980613, 10.0),List(10218.0, 667.0, 243.0, 15.319340329835082, 42.04938271604938, 1.0),-17.78777241624325))
((11292,03-26),(List(77054.0, 6000.0, 2793.0, 13.728166575377363, 27.590057845340606, 10.0),List(4583.0, 648.0, 157.0, 7.072530864197531, 29.191082802547772, 1.0),-1.6010249572071658))
((11292,03-27),(List(57269.0, 6266.0, 2530.0, 9.064394701414185, 22.21059551034589, 10.0),List(5312.0, 658.0, 147.0, 8.072948328267477, 36.136054421768705, 1.0),-13.925458911422815))
((11292,03-28),(List(56272.0, 6210.0, 2370.0, 9.05554572935641, 23.594824420512687, 10.0),List(4186.0, 668.0, 147.0, 6.266467065868263, 28.476190476190474, 1.0),-4.881366055677788))
((11292,03-29),(List(54731.0, 6276.0, 2257.0, 8.79214514203252, 24.064860914824557, 10.0),List(8442.0, 664.0, 236.0, 12.713855421686747, 35.771186440677965, 1.0),-11.706325525853408))
((11292,03-30),(List(78120.0, 6316.0, 2511.0, 12.367572949034182, 28.61969879476556, 10.0),List(5761.0, 591.0, 186.0, 9.747884940778341, 30.973118279569892, 1.0),-2.3534194848043306))
((11292,03-31),(List(59446.0, 6190.0, 2353.0, 9.595010525057624, 24.707384774718562, 10.0),List(5414.0, 643.0, 158.0, 8.419906687402799, 34.265822784810126, 1.0),-9.558438010091564))
((11292,04-01),(List(54574.0, 6207.0, 2305.0, 8.854090730396763, 23.963279084930296, 10.0),List(11227.0, 657.0, 261.0, 17.088280060882802, 43.015325670498086, 1.0),-19.05204658556779))
((11292,04-02),(List(74019.0, 6201.0, 2626.0, 11.989893896956449, 29.396640762439652, 10.0),List(4006.0, 620.0, 136.0, 6.461290322580645, 29.455882352941178, 1.0),-0.05924159050152511))
((11292,04-03),(List(93787.0, 6096.0, 2962.0, 15.327615939293025, 29.872303668309804, 10.0),List(3606.0, 644.0, 130.0, 5.599378881987578, 27.73846153846154, 1.0),2.133842129848265))
((11292,04-04),(List(64070.0, 5986.0, 2452.0, 11.03887261833045, 25.720982452041746, 10.0),List(6045.0, 659.0, 208.0, 9.17298937784522, 29.0625, 1.0),-3.3415175479582544))
((11292,04-05),(List(58283.0, 6159.0, 2467.0, 9.562308602812351, 23.83223164000686, 10.0),List(5750.0, 656.0, 168.0, 8.765243902439025, 34.226190476190474, 1.0),-10.393958836183614))
((11292,04-06),(List(77558.0, 6215.0, 2702.0, 12.448683719769416, 27.25691875897159, 10.0),List(5518.0, 550.0, 212.0, 10.032727272727273, 26.028301886792452, 1.0),1.2286168721791384))
((11292,04-07),(List(60395.0, 6076.0, 2485.0, 9.858856811244294, 24.02639692523521, 10.0),List(9587.0, 629.0, 208.0, 15.241653418124006, 46.09134615384615, 1.0),-22.064949228610942))
((11292,04-08),(List(68604.0, 6080.0, 2504.0, 11.221478376612406, 26.60170169383388, 10.0),List(5173.0, 671.0, 183.0, 7.709388971684054, 28.26775956284153, 1.0),-1.6660578690076484))
((11292,04-09),(List(74081.0, 5953.0, 2469.0, 13.04391558200111, 28.65349292504477, 10.0),List(3654.0, 631.0, 153.0, 5.79080824088748, 23.88235294117647, 1.0),4.771139983868299))
((11292,04-10),(List(58819.0, 6079.0, 2318.0, 9.723710911564282, 24.356281115704714, 10.0),List(3564.0, 352.0, 176.0, 10.125, 20.25, 1.0),4.106281115704714))
((11292,04-11),(List(52337.0, 6018.0, 2310.0, 8.589943839557616, 21.86780335081064, 10.0),List(8080.0, 571.0, 260.0, 14.15061295971979, 31.076923076923077, 1.0),-9.209119726112437))
((11292,04-12),(List(50996.0, 6145.0, 2206.0, 8.307394543871846, 23.644508833246203, 10.0),List(8145.0, 671.0, 251.0, 12.13859910581222, 32.45019920318725, 1.0),-8.80569036994105))
((11292,04-13),(List(66721.0, 6174.0, 2374.0, 10.93645481243766, 26.15400793161293, 10.0),List(5794.0, 537.0, 187.0, 10.789571694599628, 30.983957219251337, 1.0),-4.8299492876384065))
((11292,04-14),(List(61620.0, 5987.0, 2293.0, 10.253321563080105, 26.14340777084052, 10.0),List(11522.0, 626.0, 243.0, 18.405750798722046, 47.415637860082306, 1.0),-21.272230089241788))
((11292,04-15),(List(80904.0, 6079.0, 2540.0, 13.121292958563327, 30.066864036818014, 10.0),List(11168.0, 666.0, 240.0, 16.76876876876877, 46.53333333333333, 1.0),-16.466469296515317))
((11292,04-16),(List(78861.0, 5627.0, 2535.0, 14.221373401729739, 29.575997820409697, 10.0),List(2507.0, 637.0, 129.0, 3.93563579277865, 19.434108527131784, 1.0),10.141889293277913))
((11292,04-17),(List(141230.0, 5756.0, 2782.0, 25.700606611114118, 43.82061117651922, 10.0),List(5713.0, 654.0, 203.0, 8.735474006116208, 28.142857142857142, 1.0),15.67775403366208))
((11292,04-18),(List(82383.0, 5989.0, 2567.0, 13.928294371382005, 27.892484298406366, 10.0),List(8681.0, 673.0, 266.0, 12.898959881129272, 32.63533834586466, 1.0),-4.7428540474582945))
((11292,04-19),(List(54045.0, 6150.0, 2274.0, 8.64733542972807, 23.059974941245688, 10.0),List(9618.0, 662.0, 206.0, 14.528700906344412, 46.689320388349515, 1.0),-23.629345447103827))
((11292,04-20),(List(61555.0, 6159.0, 2388.0, 9.935525884350238, 25.449591453111914, 10.0),List(4827.0, 536.0, 127.0, 9.005597014925373, 38.00787401574803, 1.0),-12.558282562636116))
((11292,04-21),(List(50689.0, 6048.0, 2297.0, 8.360437053670937, 21.615662234294014, 10.0),List(12945.0, 635.0, 302.0, 20.385826771653544, 42.86423841059602, 1.0),-21.24857617630201))
((11292,04-22),(List(72453.0, 6140.0, 2489.0, 11.608337598817322, 26.00964123409343, 10.0),List(6907.0, 669.0, 210.0, 10.324364723467863, 32.89047619047619, 1.0),-6.880834956382763))
((11292,04-23),(List(64442.0, 6044.0, 2588.0, 10.63226753397819, 24.779722354722896, 10.0),List(5365.0, 636.0, 172.0, 8.435534591194969, 31.191860465116278, 1.0),-6.412138110393382))
((11292,04-24),(List(56967.0, 6115.0, 2218.0, 9.354987916944484, 24.746106960239732, 10.0),List(4986.0, 650.0, 184.0, 7.67076923076923, 27.097826086956523, 1.0),-2.351719126716791))
((11292,04-25),(List(55701.0, 6053.0, 2174.0, 9.17214549757505, 25.865122328931808, 10.0),List(5088.0, 671.0, 169.0, 7.5827123695976155, 30.106508875739646, 1.0),-4.241386546807838))
((11292,04-26),(List(72241.0, 6180.0, 2508.0, 11.639205535297975, 28.494882063493044, 10.0),List(8167.0, 664.0, 215.0, 12.299698795180722, 37.986046511627904, 1.0),-9.49116444813486))
((11292,04-27),(List(64155.0, 6164.0, 2430.0, 10.441671345260401, 26.378380110999153, 10.0),List(5718.0, 540.0, 159.0, 10.588888888888889, 35.9622641509434, 1.0),-9.583884039944245))
((11292,04-28),(List(61454.0, 6063.0, 2252.0, 10.003494043536264, 26.30938695772723, 10.0),List(10311.0, 641.0, 259.0, 16.085803432137286, 39.810810810810814, 1.0),-13.501423853083583))
((11292,04-29),(List(59763.0, 6086.0, 2370.0, 10.15241238909889, 25.239390612250823, 10.0),List(10721.0, 686.0, 289.0, 15.628279883381925, 37.09688581314879, 1.0),-11.857495200897965))
((11292,04-30),(List(61678.0, 6044.0, 2187.0, 10.31379344580286, 27.642817525844446, 10.0),List(8034.0, 645.0, 282.0, 12.455813953488372, 28.48936170212766, 1.0),-0.8465441762832135))
((11292,05-01),(List(65597.0, 6085.0, 2476.0, 10.701764944615544, 26.101827982359204, 10.0),List(6652.0, 690.0, 234.0, 9.640579710144927, 28.427350427350426, 1.0),-2.325522444991222))
((11292,05-02),(List(58532.0, 6034.0, 2185.0, 9.70812489481398, 26.684206603734367, 10.0),List(8804.0, 691.0, 269.0, 12.74095513748191, 32.72862453531599, 1.0),-6.04441793158162))
((11292,05-03),(List(57588.0, 6229.0, 2238.0, 9.104481692907468, 23.827082658935975, 10.0),List(10188.0, 705.0, 238.0, 14.451063829787234, 42.80672268907563, 1.0),-18.979640030139652))
((11292,05-04),(List(51393.0, 6238.0, 2123.0, 8.19380557493382, 24.06785756641153, 10.0),List(5823.0, 589.0, 166.0, 9.886247877758914, 35.07831325301205, 1.0),-11.010455686600519))
((11292,05-05),(List(46839.0, 6154.0, 1962.0, 7.527043480831184, 23.92502262385712, 10.0),List(11583.0, 671.0, 278.0, 17.262295081967213, 41.66546762589928, 1.0),-17.74044500204216))
((11292,05-06),(List(59126.0, 6280.0, 2226.0, 9.437447485525174, 26.225884893993374, 10.0),List(8925.0, 687.0, 287.0, 12.991266375545852, 31.097560975609756, 1.0),-4.871676081616382))
((11292,05-07),(List(62839.0, 6152.0, 2414.0, 10.289098802804983, 25.825473616374364, 10.0),List(11701.0, 643.0, 352.0, 18.19751166407465, 33.24147727272727, 1.0),-7.41600365635291))
((11292,05-08),(List(82374.0, 6165.0, 2585.0, 13.287144526889787, 29.82263578002869, 10.0),List(13389.0, 692.0, 376.0, 19.34826589595376, 35.609042553191486, 1.0),-5.7864067731627955))
((11292,05-09),(List(74912.0, 6144.0, 2580.0, 12.592241799640524, 28.073012799652965, 10.0),List(11964.0, 695.0, 383.0, 17.214388489208634, 31.237597911227155, 1.0),-3.1645851115741905))
((11292,05-10),(List(77614.0, 6305.0, 2833.0, 12.455380286213842, 27.24841921097528, 10.0),List(9729.0, 711.0, 281.0, 13.683544303797468, 34.62277580071174, 1.0),-7.374356589736465))
((11292,05-11),(List(93289.0, 6202.0, 2965.0, 15.343192461219264, 29.81492429883636, 10.0),List(6951.0, 583.0, 190.0, 11.922813036020584, 36.584210526315786, 1.0),-6.7692862274794265))
((11292,05-12),(List(79857.0, 6172.0, 2829.0, 12.781927931133946, 25.61983069953277, 10.0),List(6480.0, 680.0, 216.0, 9.529411764705882, 30.0, 1.0),-4.38016930046723))
((11292,05-13),(List(64610.0, 6286.0, 2551.0, 10.388854654204867, 24.491377786272018, 10.0),List(7340.0, 703.0, 229.0, 10.440967283072546, 32.05240174672489, 1.0),-7.5610239604528715))
((11292,05-14),(List(75542.0, 6167.0, 2640.0, 12.139853594898742, 27.39423598851896, 10.0),List(3946.0, 665.0, 175.0, 5.9338345864661655, 22.548571428571428, 1.0),4.845664559947533))
((11292,05-15),(List(68399.0, 6218.0, 2722.0, 10.955470366725923, 24.628146457092207, 10.0),List(5417.0, 709.0, 202.0, 7.640338504936531, 26.816831683168317, 1.0),-2.1886852260761103))
((11292,05-16),(List(71501.0, 6199.0, 2703.0, 11.379897552657672, 25.406709546120315, 10.0),List(8722.0, 702.0, 244.0, 12.424501424501425, 35.74590163934426, 1.0),-10.339192093223947))
((11292,05-17),(List(65660.0, 6393.0, 2548.0, 10.331023898808256, 25.40884353010476, 10.0),List(9548.0, 706.0, 325.0, 13.524079320113314, 29.37846153846154, 1.0),-3.969618008356779))
((11292,05-18),(List(101959.0, 6328.0, 2859.0, 15.993405821751235, 33.12230109243967, 10.0),List(12276.0, 582.0, 278.0, 21.09278350515464, 44.15827338129496, 1.0),-11.035972288855291))
((11292,05-19),(List(83603.0, 6250.0, 3067.0, 13.307204936415127, 26.600248209221924, 10.0),List(11304.0, 680.0, 313.0, 16.623529411764707, 36.115015974440894, 1.0),-9.51476776521897))
((11292,05-20),(List(86410.0, 6368.0, 2924.0, 13.583884459427853, 28.98232272433656, 10.0),List(31113.0, 655.0, 451.0, 47.50076335877863, 68.98669623059867, 1.0),-40.00437350626211))
((11292,05-21),(List(98885.0, 6208.0, 2821.0, 16.060632398747753, 32.52502409420017, 10.0),List(25044.0, 650.0, 498.0, 38.52923076923077, 50.28915662650602, 1.0),-17.76413253230585))
((11292,05-22),(List(96172.0, 6235.0, 2965.0, 15.313315746611115, 29.88658999737232, 10.0),List(7572.0, 706.0, 323.0, 10.725212464589235, 23.442724458204335, 1.0),6.443865539167984))
((11292,05-23),(List(94963.0, 6181.0, 2958.0, 15.652748729653746, 30.794841722379555, 10.0),List(16491.0, 699.0, 394.0, 23.59227467811159, 41.85532994923858, 1.0),-11.060488226859025))
((11292,05-24),(List(99358.0, 6030.0, 2837.0, 16.538014977825227, 33.18203078760111, 10.0),List(10219.0, 708.0, 319.0, 14.43361581920904, 32.03448275862069, 1.0),1.1475480289804167))
((11292,05-25),(List(71996.0, 6170.0, 2578.0, 11.429569962793448, 27.021322214716474, 10.0),List(3716.0, 570.0, 128.0, 6.519298245614035, 29.03125, 1.0),-2.0099277852835264))
((11292,05-26),(List(122280.0, 5994.0, 2831.0, 19.808682566666626, 37.5657346689044, 10.0),List(27051.0, 570.0, 254.0, 47.45789473684211, 106.5, 1.0),-68.9342653310956))
((11292,05-27),(List(76536.0, 6037.0, 2602.0, 12.372848128237639, 28.436522888864477, 10.0),List(14086.0, 682.0, 337.0, 20.653958944281523, 41.798219584569736, 1.0),-13.361696695705259))
((11292,05-28),(List(77602.0, 6078.0, 2593.0, 12.577515921938641, 28.781793515751485, 10.0),List(11693.0, 632.0, 383.0, 18.501582278481013, 30.530026109660575, 1.0),-1.7482325939090906))
((11292,05-29),(List(68160.0, 6007.0, 2437.0, 11.236825392993762, 27.828058802520182, 10.0),List(11654.0, 669.0, 316.0, 17.42002989536622, 36.879746835443036, 1.0),-9.051688032922854))
((11292,05-30),(List(85092.0, 6045.0, 2685.0, 13.575550331917626, 29.877928783591337, 10.0),List(9069.0, 692.0, 289.0, 13.105491329479769, 31.380622837370243, 1.0),-1.5026940537789066))
((11292,05-31),(List(85883.0, 6348.0, 2812.0, 13.44556493204828, 28.66364217182315, 10.0),List(8437.0, 701.0, 269.0, 12.035663338088446, 31.364312267657994, 1.0),-2.7006700958348446))
((11292,06-01),(List(72899.0, 6376.0, 2724.0, 11.480954896708868, 26.744757395775633, 10.0),List(8902.0, 585.0, 236.0, 15.217094017094016, 37.720338983050844, 1.0),-10.975581587275212))
((11292,06-02),(List(81360.0, 6274.0, 2853.0, 13.058294317931564, 28.314450476761227, 10.0),List(16527.0, 672.0, 359.0, 24.59375, 46.03621169916435, 1.0),-17.72176122240312))
((11292,06-03),(List(67149.0, 6375.0, 2674.0, 10.478303807057793, 24.888970188077995, 10.0),List(22493.0, 697.0, 390.0, 32.27116212338594, 57.674358974358974, 1.0),-32.785388786280976))
((11292,06-04),(List(63112.0, 6352.0, 2655.0, 9.797111818516413, 23.122907851730332, 10.0),List(5251.0, 659.0, 273.0, 7.968133535660091, 19.234432234432234, 1.0),3.8884756172980985))
((11292,06-05),(List(80192.0, 6394.0, 2852.0, 12.555075360271854, 27.0072033653576, 10.0),List(6848.0, 703.0, 253.0, 9.741109530583214, 27.067193675889328, 1.0),-0.05999031053172743))
((11292,06-06),(List(90587.0, 6438.0, 2835.0, 14.052940641460689, 31.13935381078577, 10.0),List(10502.0, 746.0, 264.0, 14.077747989276139, 39.78030303030303, 1.0),-8.64094921951726))
((11292,06-07),(List(122788.0, 6598.0, 3447.0, 18.389010886203618, 34.052207246603686, 10.0),List(32959.0, 726.0, 433.0, 45.39807162534435, 76.11778290993071, 1.0),-42.065575663327024))
((11292,06-08),(List(101334.0, 6708.0, 3208.0, 15.233485786936123, 30.434574019181134, 10.0),List(15483.0, 628.0, 321.0, 24.654458598726116, 48.23364485981308, 1.0),-17.79907084063195))
((11292,06-09),(List(107375.0, 6688.0, 3231.0, 15.93972850167305, 32.361347196869595, 10.0),List(16518.0, 737.0, 367.0, 22.41248303934871, 45.00817438692098, 1.0),-12.646827190051383))
((11292,06-10),(List(110132.0, 6771.0, 3292.0, 16.16192182144608, 32.17689092213305, 10.0),List(9717.0, 761.0, 341.0, 12.768725361366624, 28.49560117302053, 1.0),3.681289749112519))
((11292,06-11),(List(141121.0, 6666.0, 3363.0, 21.34287394533882, 39.99470552788033, 10.0),List(7061.0, 755.0, 297.0, 9.352317880794702, 23.774410774410775, 1.0),16.220294753469553))
((11292,06-12),(List(110061.0, 6800.0, 3326.0, 16.455402629741606, 32.25654549292891, 10.0),List(7851.0, 767.0, 321.0, 10.235984354628423, 24.457943925233646, 1.0),7.798601567695261))
((11292,06-13),(List(146569.0, 6698.0, 3582.0, 22.397899055480288, 40.39383649804006, 10.0),List(12483.0, 767.0, 373.0, 16.27509778357236, 33.466487935656836, 1.0),6.927348562383223))
((11292,06-14),(List(116198.0, 6797.0, 3434.0, 17.342979690740282, 33.28196264154177, 10.0),List(30154.0, 757.0, 458.0, 39.8335535006605, 65.83842794759825, 1.0),-32.55646530605648))
((11292,06-15),(List(103191.0, 6787.0, 3396.0, 15.21106819646523, 29.993691101529947, 10.0),List(19036.0, 698.0, 416.0, 27.27220630372493, 45.75961538461539, 1.0),-15.76592428308544))
((11292,06-16),(List(109348.0, 6719.0, 3434.0, 16.37593580686029, 31.4476343135449, 10.0),List(38164.0, 721.0, 455.0, 52.932038834951456, 83.87692307692308, 1.0),-52.42928876337818))
((11292,06-17),(List(103901.0, 6807.0, 3335.0, 15.220908322235271, 30.045440511874936, 10.0),List(47668.0, 716.0, 539.0, 66.57541899441341, 88.43784786641929, 1.0),-58.39240735454435))
((11292,06-18),(List(123592.0, 6689.0, 3294.0, 18.526464957380377, 36.527195774280266, 10.0),List(35738.0, 736.0, 547.0, 48.557065217391305, 65.3345521023766, 1.0),-28.80735632809634))
((11292,06-19),(List(130127.0, 6765.0, 3446.0, 19.202503335158116, 37.121977515221616, 10.0),List(12167.0, 770.0, 389.0, 15.801298701298702, 31.27763496143959, 1.0),5.8443425537820275))
((11292,06-20),(List(90217.0, 6792.0, 3363.0, 13.26412026710052, 27.000515206069643, 10.0),List(29911.0, 763.0, 533.0, 39.20183486238532, 56.11819887429643, 1.0),-29.11768366822679))
((11292,06-21),(List(97790.0, 6812.0, 3273.0, 14.375140249791974, 29.981173339100213, 10.0),List(38747.0, 683.0, 462.0, 56.73060029282577, 83.86796536796537, 1.0),-53.88679202886516))
((11292,06-22),(List(102935.0, 6794.0, 3408.0, 14.987755713484642, 29.39377413470574, 10.0),List(23237.0, 685.0, 451.0, 33.92262773722628, 51.52328159645233, 1.0),-22.129507461746588))
((11292,06-23),(List(167581.0, 6658.0, 3643.0, 25.24731200372141, 44.76179157648472, 10.0),List(14966.0, 748.0, 449.0, 20.00802139037433, 33.33184855233853, 1.0),11.42994302414619))
((11292,06-24),(List(148934.0, 6768.0, 3707.0, 22.081460200516222, 38.628960495346305, 10.0),List(9066.0, 779.0, 331.0, 11.637997432605905, 27.389728096676738, 1.0),11.239232398669568))
((11292,06-25),(List(128835.0, 6692.0, 3516.0, 19.107108824657082, 35.05154925138394, 10.0),List(11808.0, 761.0, 331.0, 15.516425755584757, 35.67371601208459, 1.0),-0.6221667607006509))
((11292,06-26),(List(120286.0, 6817.0, 3565.0, 17.71220888871097, 32.864127093754135, 10.0),List(12853.0, 775.0, 380.0, 16.58451612903226, 33.82368421052632, 1.0),-0.9595571167721815))
((11292,06-27),(List(113919.0, 6814.0, 3443.0, 16.639594625941484, 32.00444242375969, 10.0),List(11467.0, 777.0, 313.0, 14.758043758043758, 36.635782747603834, 1.0),-4.631340323844142))
((11292,06-28),(List(119482.0, 6784.0, 3412.0, 17.728075061590594, 34.48546454062081, 10.0),List(15327.0, 778.0, 335.0, 19.700514138817482, 45.75223880597015, 1.0),-11.26677426534934))
((11292,06-29),(List(111010.0, 6785.0, 3465.0, 16.135817808814174, 31.334943237988334, 10.0),List(16148.0, 705.0, 379.0, 22.904964539007093, 42.60686015831135, 1.0),-11.271916920323015))
((11292,06-30),(List(106413.0, 6619.0, 3461.0, 15.966755813770442, 30.351752030528793, 10.0),List(36202.0, 753.0, 429.0, 48.07702523240372, 84.38694638694639, 1.0),-54.0351943564176))
((11292,07-01),(List(105369.0, 6660.0, 3504.0, 15.854067200923328, 30.247001541892097, 10.0),List(14362.0, 739.0, 361.0, 19.434370771312583, 39.78393351800554, 1.0),-9.536931976113443))
((11292,07-02),(List(102983.0, 6517.0, 3334.0, 15.689356164760165, 30.509119448755275, 10.0),List(11205.0, 729.0, 343.0, 15.37037037037037, 32.667638483965014, 1.0),-2.158519035209739))
((11292,07-03),(List(70020.0, 6118.0, 2571.0, 11.291115930659451, 27.19627285936061, 10.0),List(6418.0, 740.0, 226.0, 8.672972972972973, 28.398230088495577, 1.0),-1.2019572291349654))
((11292,07-04),(List(50871.0, 5299.0, 1698.0, 9.862976882646354, 28.484664555483352, 10.0),List(19295.0, 625.0, 251.0, 30.872, 76.87250996015936, 1.0),-48.387845404676014))
((11292,07-05),(List(81562.0, 6581.0, 2638.0, 12.272604303247075, 30.08744777629313, 10.0),List(14247.0, 667.0, 328.0, 21.359820089955022, 43.4359756097561, 1.0),-13.34852783346297))
((11292,07-06),(List(119582.0, 6741.0, 3221.0, 17.617192521311615, 35.7359653655965, 10.0),List(11542.0, 710.0, 275.0, 16.256338028169015, 41.97090909090909, 1.0),-6.23494372531259))
((11292,07-07),(List(117317.0, 6758.0, 3368.0, 17.324998100753326, 33.806763579839, 10.0),List(22278.0, 762.0, 376.0, 29.236220472440944, 59.25, 1.0),-25.443236420161))
((11292,07-08),(List(127241.0, 6860.0, 3651.0, 18.703481320553433, 33.8973702011572, 10.0),List(16364.0, 784.0, 392.0, 20.872448979591837, 41.744897959183675, 1.0),-7.847527758026473))
((11292,07-09),(List(106224.0, 6817.0, 3382.0, 15.70269406968653, 30.911935076326433, 10.0),List(6460.0, 777.0, 254.0, 8.314028314028315, 25.433070866141733, 1.0),5.4788642101847))
((11292,07-10),(List(112879.0, 6893.0, 3394.0, 16.41542097570758, 33.35482125235545, 10.0),List(8270.0, 780.0, 293.0, 10.602564102564102, 28.225255972696246, 1.0),5.129565279659204))
((11292,07-11),(List(107602.0, 6850.0, 3315.0, 15.580356391682693, 31.019061283000166, 10.0),List(13719.0, 786.0, 344.0, 17.454198473282442, 39.88081395348837, 1.0),-8.861752670488205))
((11292,07-12),(List(118628.0, 6857.0, 3461.0, 17.443395100957105, 33.94107555474746, 10.0),List(30686.0, 762.0, 459.0, 40.270341207349084, 66.85403050108933, 1.0),-32.91295494634187))
((11292,07-13),(List(126975.0, 6833.0, 3402.0, 19.02696531066541, 36.70601663595161, 10.0),List(18362.0, 704.0, 358.0, 26.082386363636363, 51.29050279329609, 1.0),-14.584486157344479))
((11292,07-14),(List(123028.0, 6689.0, 3521.0, 18.597568622432142, 34.231825493326234, 10.0),List(13823.0, 768.0, 383.0, 17.998697916666668, 36.09138381201044, 1.0),-1.8595583186842077))
((11292,07-15),(List(129506.0, 6776.0, 3618.0, 19.17832949582058, 35.25578025888232, 10.0),List(16838.0, 781.0, 328.0, 21.5595390524968, 51.33536585365854, 1.0),-16.07958559477622))
((11292,07-16),(List(102749.0, 6795.0, 3306.0, 15.029861949135292, 29.946574799960665, 10.0),List(13572.0, 781.0, 352.0, 17.377720870678615, 38.55681818181818, 1.0),-8.610243381857515))
((11292,07-17),(List(87728.0, 6888.0, 3190.0, 12.713864429650211, 27.373473292605173, 10.0),List(13464.0, 781.0, 362.0, 17.239436619718308, 37.193370165745854, 1.0),-9.819896873140681))
((11292,07-18),(List(104872.0, 6844.0, 3348.0, 15.478370541679283, 31.014101136187712, 10.0),List(19890.0, 774.0, 378.0, 25.697674418604652, 52.61904761904762, 1.0),-21.60494648285991))
((11292,07-19),(List(124908.0, 6853.0, 3565.0, 18.025631664100953, 34.28775989841846, 10.0),List(18040.0, 781.0, 380.0, 23.098591549295776, 47.473684210526315, 1.0),-13.185924312107858))
((11292,07-20),(List(105145.0, 6844.0, 3511.0, 15.459370547806762, 30.024577307889594, 10.0),List(21138.0, 711.0, 379.0, 29.729957805907173, 55.773087071240106, 1.0),-25.748509763350512))
((11292,07-21),(List(121289.0, 6698.0, 3484.0, 18.497158842711567, 34.43905901405115, 10.0),List(19777.0, 766.0, 405.0, 25.818537859007833, 48.8320987654321, 1.0),-14.393039751380947))
((11292,07-22),(List(115053.0, 6842.0, 3520.0, 16.810832281250747, 32.306249999416664, 10.0),List(27262.0, 773.0, 420.0, 35.26778783958603, 64.9095238095238, 1.0),-32.60327381010714))
((11292,07-23),(List(140880.0, 6735.0, 3481.0, 21.008220849349843, 39.16363094042336, 10.0),List(13874.0, 781.0, 341.0, 17.764404609475033, 40.686217008797655, 1.0),-1.522586068374295))
((11292,07-24),(List(112551.0, 6907.0, 3603.0, 16.23738766864642, 31.024689671336006, 10.0),List(11500.0, 785.0, 330.0, 14.64968152866242, 34.84848484848485, 1.0),-3.8237951771488454))
((11292,07-25),(List(101961.0, 6859.0, 3385.0, 14.777354140217975, 29.751772283861072, 10.0),List(9340.0, 784.0, 296.0, 11.91326530612245, 31.554054054054053, 1.0),-1.8022817701929803))
((11292,07-26),(List(89004.0, 6881.0, 3413.0, 12.822168950099973, 25.853372020749845, 10.0),List(7360.0, 787.0, 250.0, 9.351969504447268, 29.44, 1.0),-3.5866279792501565))
((11292,07-27),(List(121721.0, 6872.0, 3553.0, 17.554837740052204, 33.48710323062937, 10.0),List(13862.0, 717.0, 320.0, 19.333333333333332, 43.31875, 1.0),-9.831646769370629))
((11292,07-28),(List(113235.0, 6794.0, 3604.0, 16.630904627097827, 31.47038031906937, 10.0),List(11514.0, 774.0, 270.0, 14.875968992248062, 42.644444444444446, 1.0),-11.174064125375075))
((11292,07-29),(List(154230.0, 6838.0, 3730.0, 22.55647065499783, 38.375078458932464, 10.0),List(11730.0, 789.0, 329.0, 14.866920152091256, 35.653495440729486, 1.0),2.7215830182029777))
((11292,07-30),(List(110664.0, 6811.0, 3665.0, 16.215533615423475, 30.345722958405428, 10.0),List(30166.0, 740.0, 385.0, 40.76486486486486, 78.35324675324675, 1.0),-48.00752379484132))
((11292,07-31),(List(102546.0, 6927.0, 3498.0, 14.800336972952854, 29.247534164348245, 10.0),List(22323.0, 760.0, 402.0, 29.37236842105263, 55.52985074626866, 1.0),-26.282316581920412))
((11292,08-01),(List(105175.0, 6830.0, 3505.0, 15.385162145789309, 29.737560425408, 10.0),List(29016.0, 768.0, 485.0, 37.78125, 59.82680412371134, 1.0),-30.089243698303342))
((11292,08-02),(List(95552.0, 6860.0, 3337.0, 13.938126989374087, 29.04133895252818, 10.0),List(22008.0, 766.0, 454.0, 28.73107049608355, 48.47577092511013, 1.0),-19.434431972581955))
((11292,08-03),(List(130589.0, 6850.0, 3563.0, 19.60779383675436, 35.356173435611254, 10.0),List(8066.0, 729.0, 282.0, 11.064471879286694, 28.602836879432623, 1.0),6.753336556178631))
((11292,08-04),(List(120792.0, 6785.0, 3450.0, 17.853339859552804, 33.58421721165242, 10.0),List(9878.0, 767.0, 305.0, 12.878748370273794, 32.38688524590164, 1.0),1.1973319657507844))
((11292,08-05),(List(97346.0, 6862.0, 3425.0, 14.230115210618745, 28.519945703093992, 10.0),List(10338.0, 784.0, 284.0, 13.186224489795919, 36.401408450704224, 1.0),-7.881462747610232))
((11292,08-06),(List(103946.0, 6812.0, 3332.0, 15.127663304248554, 30.46961228252592, 10.0),List(9746.0, 768.0, 280.0, 12.690104166666666, 34.80714285714286, 1.0),-4.337530574616938))
((11292,08-07),(List(138252.0, 6881.0, 3612.0, 20.180984250099534, 37.04330366206508, 10.0),List(13687.0, 746.0, 321.0, 18.347184986595174, 42.638629283489095, 1.0),-5.595325621424017))
((11292,08-08),(List(103598.0, 6850.0, 3363.0, 15.076527141046537, 29.910606480075792, 10.0),List(35770.0, 750.0, 462.0, 47.693333333333335, 77.42424242424242, 1.0),-47.51363594416663))
((11292,08-09),(List(121856.0, 6779.0, 3492.0, 18.754002420347177, 35.251579581023044, 10.0),List(11924.0, 782.0, 325.0, 15.248081841432224, 36.68923076923077, 1.0),-1.4376511882077239))
((11292,08-10),(List(94018.0, 6865.0, 3441.0, 13.74008091785933, 27.280325089011818, 10.0),List(6492.0, 691.0, 185.0, 9.39507959479016, 35.09189189189189, 1.0),-7.811566802880073))
((11292,08-11),(List(103888.0, 6760.0, 3292.0, 15.637696031948613, 31.219159546416495, 10.0),List(12902.0, 759.0, 349.0, 16.998682476943348, 36.96848137535817, 1.0),-5.749321828941671))
((11292,08-12),(List(95558.0, 6862.0, 3256.0, 14.024808628417995, 29.397283198062297, 10.0),List(7899.0, 785.0, 247.0, 10.062420382165605, 31.979757085020243, 1.0),-2.5824738869579456))
((11292,08-13),(List(93057.0, 6726.0, 3108.0, 13.840841330475442, 30.167115382953874, 10.0),List(11706.0, 768.0, 286.0, 15.2421875, 40.93006993006993, 1.0),-10.76295454711606))
((11292,08-14),(List(105104.0, 6809.0, 3294.0, 15.369972591016175, 31.08191187145901, 10.0),List(8462.0, 774.0, 288.0, 10.9328165374677, 29.381944444444443, 1.0),1.6999674270145668))
((11292,08-15),(List(85943.0, 6806.0, 3106.0, 12.618907098178191, 27.66677773512773, 10.0),List(10147.0, 779.0, 298.0, 13.025673940949936, 34.0503355704698, 1.0),-6.383557835342067))
((11292,08-16),(List(90117.0, 6806.0, 3249.0, 13.10899191344553, 27.310013545752536, 10.0),List(18720.0, 779.0, 436.0, 24.030808729139924, 42.93577981651376, 1.0),-15.625766270761222))
((11292,08-17),(List(77148.0, 6782.0, 3010.0, 11.364666262018229, 25.351595000826705, 10.0),List(9080.0, 685.0, 285.0, 13.255474452554745, 31.859649122807017, 1.0),-6.508054121980312))
((11292,08-18),(List(90797.0, 6642.0, 3128.0, 13.626252129517876, 29.048937730359818, 10.0),List(16905.0, 754.0, 418.0, 22.420424403183024, 40.442583732057415, 1.0),-11.393646001697597))
((11292,08-19),(List(93122.0, 6684.0, 3033.0, 14.003659673022891, 31.083751634140896, 10.0),List(13220.0, 770.0, 314.0, 17.16883116883117, 42.10191082802548, 1.0),-11.018159193884586))
((11292,08-20),(List(81678.0, 6546.0, 2949.0, 12.62396498543271, 27.683235822641997, 10.0),List(16695.0, 714.0, 323.0, 23.38235294117647, 51.68730650154799, 1.0),-24.00407067890599))
((11292,08-21),(List(94168.0, 6713.0, 3002.0, 14.10566394003095, 31.123976692559665, 10.0),List(14284.0, 737.0, 391.0, 19.381275440976932, 36.531969309462916, 1.0),-5.40799261690325))
((11292,08-22),(List(90820.0, 6581.0, 2912.0, 13.648195918570948, 29.74715072732193, 10.0),List(18375.0, 733.0, 419.0, 25.068212824010914, 43.85441527446301, 1.0),-14.107264547141078))
((11292,08-23),(List(60467.0, 6721.0, 2708.0, 9.048983541021851, 22.470275763773863, 10.0),List(10858.0, 750.0, 328.0, 14.477333333333334, 33.103658536585364, 1.0),-10.633382772811501))
((11292,08-24),(List(53772.0, 6722.0, 2481.0, 7.972713374751879, 21.621674865438063, 10.0),List(4193.0, 633.0, 161.0, 6.6240126382306475, 26.043478260869566, 1.0),-4.421803395431503))
((11292,08-25),(List(61844.0, 6512.0, 2525.0, 9.43285617601802, 23.550835406918246, 10.0),List(4917.0, 741.0, 201.0, 6.635627530364372, 24.46268656716418, 1.0),-0.9118511602459343))
((11292,08-26),(List(65846.0, 6603.0, 2511.0, 9.943691877752205, 25.633597527113466, 10.0),List(10684.0, 756.0, 238.0, 14.132275132275133, 44.890756302521005, 1.0),-19.25715877540754))
((11292,08-27),(List(51243.0, 6398.0, 2267.0, 7.8955834406179575, 22.35427713134649, 10.0),List(6154.0, 722.0, 234.0, 8.523545706371191, 26.299145299145298, 1.0),-3.944868167798809))
((11292,08-28),(List(51861.0, 6496.0, 2138.0, 7.969150338663297, 24.120077980842343, 10.0),List(5307.0, 749.0, 203.0, 7.085447263017357, 26.142857142857142, 1.0),-2.0227791620147997))
((11292,08-29),(List(46352.0, 6390.0, 2110.0, 7.081589108726445, 21.42448382623972, 10.0),List(6063.0, 756.0, 258.0, 8.01984126984127, 23.5, 1.0),-2.075516173760281))
((11292,08-30),(List(55506.0, 6521.0, 2249.0, 8.343394601354309, 23.504677633393623, 10.0),List(7900.0, 756.0, 243.0, 10.44973544973545, 32.510288065843625, 1.0),-9.005610432450002))
((11292,08-31),(List(80988.0, 6420.0, 2547.0, 12.215843700171924, 28.929001629404144, 10.0),List(4362.0, 577.0, 177.0, 7.559792027729636, 24.64406779661017, 1.0),4.284933832793975))
