(63.0,[0.2333])
(50.0,[0.1343])
(19.0,[0.1005])
(17.0,[0.1207])
(27.0,[0.1552])
(76.0,[0.2036])
(62.0,[0.2345])
(138.0,[0.1007])
(10.0,[0.1132])
(58.0,[0.1228])
(49.0,[0.2044])
(18.0,[0.1302])
(116.0,[0.195])
(51.0,[0.1606])
(4.0,[0.1925])
(119.0,[0.1949])
(57.0,[0.1832])
(37.0,[0.0947])
(21.0,[0.1401])
(139.0,[0.2119])
(13.0,[0.1928])
(140.0,[0.1212])
(27.0,[0.2037])
(12.0,[0.0958])
(3.0,[0.1148])
(11.0,[0.121])
(47.0,[0.1032])
(5.0,[0.125])
(133.0,[0.1758])
(16.0,[0.1926])
(3.0,[2.0E-4])
(5.0,[0.1339])
(17.0,[0.1309])
(173.0,[0.1718])
(1.0,[0.0531])
(43.0,[0.175])
(22.0,[0.1927])
(94.0,[0.2152])
(99.0,[0.1827])
(15.0,[0.113])
(13.0,[0.1023])
(199.0,[0.0152])
(64.0,[0.2323])
(18.0,[0.1528])
(20.0,[0.0828])
(50.0,[0.1523])
(4.0,[0.0954])
(19.0,[0.1919])
(23.0,[0.194])
(217.0,[0.2307])
(6.0,[0.1126])
(82.0,[0.112])
(157.0,[0.1526])
(39.0,[0.1939])
(52.0,[0.1216])
(7.0,[0.1751])
(51.0,[0.1826])
(46.0,[0.1502])
(1.0,[0.0946])
(101.0,[0.2201])
(29.0,[0.0849])
(32.0,[0.0902])
(1.0,[0.0748])
(102.0,[0.113])
(43.0,[0.2008])
(17.0,[0.1155])
(1.0,[0.1826])
(69.0,[0.1231])
(30.0,[0.074])
(99.0,[0.1557])
(148.0,[0.1345])
(4.0,[0.2228])
(3.0,[0.1043])
(6.0,[0.203])
(3.0,[0.1903])
(1.0,[0.1116])
(18.0,[0.1529])
(4.0,[0.1611])
(18.0,[0.1608])
(4.0,[0.1119])
(47.0,[0.1841])
(17.0,[0.1307])
(70.0,[0.091])
(17.0,[0.0814])
(8.0,[0.1128])
(62.0,[0.2132])
(95.0,[0.1649])
(81.0,[0.0047])
(35.0,[0.183])
(59.0,[0.1234])
(2.0,[0.1117])
(46.0,[0.1056])
(89.0,[0.1319])
(4.0,[0.1859])
(117.0,[0.1956])
(50.0,[0.1943])
(8.0,[0.0909])
(13.0,[0.2313])
(1.0,[0.1627])
(54.0,[0.2009])
(74.0,[0.1146])
(52.0,[0.1648])
(5.0,[0.0021])
(15.0,[0.2222])
(57.0,[0.0102])
(7.0,[0.1855])
(14.0,[0.1727])
(23.0,[0.1724])
(25.0,[0.0115])
(9.0,[0.1536])
(14.0,[0.1419])
(9.0,[0.1659])
(42.0,[0.1156])
(1.0,[0.1534])
(29.0,[0.0125])
(44.0,[0.2122])
(15.0,[0.151])
(5.0,[0.0845])
(4.0,[0.163])
(146.0,[0.1356])
(6.0,[0.0103])
(4.0,[0.0851])
(6.0,[0.1355])
(11.0,[0.1326])
(5.0,[0.002])
(1.0,[0.1155])
(32.0,[0.1518])
(23.0,[0.2242])
(116.0,[0.1255])
(53.0,[0.1911])
(6.0,[0.1801])
(19.0,[0.1315])
(2.0,[0.1742])
(32.0,[0.0632])
(105.0,[0.2355])
(116.0,[0.1826])
(24.0,[0.1624])
(177.0,[0.1157])
(51.0,[0.0906])
(51.0,[0.2306])
(19.0,[0.1301])
(1.0,[0.1413])
(39.0,[0.0038])
(51.0,[0.1145])
(107.0,[0.1401])
(40.0,[0.2307])
(12.0,[0.1506])
(10.0,[0.191])
(7.0,[0.1442])
(20.0,[0.125])
(13.0,[0.191])
(11.0,[0.2231])
(6.0,[0.1516])
(6.0,[0.2016])
(92.0,[0.155])
(5.0,[0.153])
(8.0,[0.0753])
(3.0,[0.1403])
(9.0,[0.1139])
(15.0,[0.2245])
(22.0,[0.1827])
(127.0,[0.2222])
(44.0,[0.1344])
(50.0,[0.1825])
(10.0,[0.1515])
(13.0,[0.0803])
(25.0,[0.1515])
(21.0,[0.1441])
(18.0,[0.1318])
(1.0,[0.1511])
(18.0,[0.1548])
(6.0,[0.1411])
(54.0,[0.2049])
(36.0,[0.0841])
(73.0,[0.1128])
(16.0,[0.1811])
(43.0,[0.1823])
(4.0,[0.0956])
(6.0,[0.1123])
(2.0,[0.2005])
(22.0,[0.1817])
(2.0,[0.1002])
(44.0,[0.1439])
(7.0,[0.1302])
(15.0,[0.0801])
(24.0,[0.202])
(27.0,[0.2027])
(1.0,[0.0948])
(8.0,[0.1124])
(24.0,[0.125])
(1.0,[0.1434])
(48.0,[0.2308])
(35.0,[0.1605])
(54.0,[0.1324])
(1.0,[0.1519])
(7.0,[0.1407])
(138.0,[0.1403])
(50.0,[0.1235])
(1.0,[0.1522])
(52.0,[0.1832])
(7.0,[0.1919])
(25.0,[0.192])
(6.0,[0.1232])
(11.0,[0.2006])
(98.0,[0.2116])
(4.0,[0.0955])
(10.0,[0.1056])
(27.0,[0.0148])
(8.0,[0.1504])
(20.0,[0.1622])
(16.0,[0.1146])
(34.0,[0.1506])
(31.0,[0.17])
(85.0,[0.1334])
(167.0,[0.1424])
(607.0,[0.1826])
(3.0,[0.1153])
(10.0,[0.113])
(586.0,[0.1705])
(5.0,[0.1135])
(157.0,[0.1002])
(2.0,[0.1747])
(5.0,[0.062])
(6.0,[0.0706])
(20.0,[0.1758])
(12.0,[0.11])
(70.0,[0.1525])
(14.0,[0.0614])
(234.0,[0.2336])
(1.0,[0.1311])
(11.0,[0.1035])
(233.0,[0.194])
(10.0,[0.1252])
(73.0,[0.2328])
(11.0,[0.1406])
(4.0,[0.1759])
(2.0,[0.0612])
(1.0,[0.1521])
(4.0,[0.0909])
(2.0,[0.1202])
(18.0,[0.2008])
(11.0,[0.1546])
(24.0,[0.0924])
(3.0,[0.1728])
(7.0,[0.1037])
(23.0,[0.1803])
(27.0,[0.1317])
(12.0,[0.1952])
(91.0,[0.2351])
(57.0,[0.1817])
(71.0,[0.1146])
(1.0,[0.1251])
(49.0,[0.1649])
(1.0,[0.1401])
(15.0,[0.1755])
(9.0,[0.0944])
(58.0,[0.0643])
(3.0,[0.1723])
(6.0,[0.2021])
(4.0,[0.1244])
(64.0,[0.1314])
(11.0,[0.2001])
(9.0,[0.0904])
(9.0,[0.0739])
(31.0,[0.1756])
(34.0,[0.1139])
(163.0,[0.2243])
(57.0,[0.1817])
(26.0,[0.1101])
(93.0,[0.1858])
(9.0,[0.0824])
(37.0,[0.2257])
(22.0,[0.1057])
(25.0,[0.102])
(6.0,[0.2021])
(72.0,[0.1407])
(194.0,[0.2159])
(44.0,[0.1729])
(3.0,[0.0633])
(142.0,[0.2017])
(27.0,[0.1102])
(22.0,[0.1342])
(48.0,[0.1628])
(31.0,[0.2021])
(39.0,[0.1259])
(9.0,[0.1049])
(18.0,[0.1243])
(17.0,[0.2217])
(51.0,[0.2146])
(14.0,[0.1644])
(66.0,[0.1536])
(2.0,[0.1002])
(12.0,[0.1937])
(94.0,[0.2334])
(8.0,[0.1308])
(3.0,[0.1708])
(13.0,[0.0913])
(30.0,[0.151])
(7.0,[0.1032])
(98.0,[0.1903])
(15.0,[0.075])
(13.0,[0.1548])
(31.0,[0.2041])
(26.0,[0.1916])
(2.0,[0.1042])
(28.0,[0.1403])
(4.0,[0.0919])
(6.0,[0.1341])
(13.0,[0.0648])
(39.0,[0.1624])
(64.0,[0.1934])
(13.0,[0.2023])
(12.0,[0.0957])
(7.0,[0.1647])
(6.0,[0.1116])
(30.0,[0.144])
(27.0,[0.2002])
(8.0,[0.1603])
(29.0,[0.1604])
(32.0,[0.1132])
(78.0,[0.1913])
(5.0,[0.1955])
(11.0,[0.2021])
(3.0,[0.1043])
(26.0,[0.1531])
(67.0,[0.2307])
(24.0,[0.2029])
(44.0,[0.2024])
(5.0,[0.1355])
(2.0,[0.1102])
(49.0,[0.2034])
(4.0,[0.1049])
(4.0,[0.1339])
(9.0,[0.0819])
(40.0,[0.23])
(3.0,[0.0813])
(17.0,[0.1707])
(4.0,[0.2214])
(7.0,[0.1252])
(86.0,[0.1356])
(91.0,[0.1156])
(18.0,[0.1738])
(3.0,[0.0903])
(65.0,[0.0805])
(39.0,[0.1519])
(2.0,[0.1007])
(73.0,[0.2313])
(48.0,[0.1803])
(7.0,[0.1247])
(45.0,[0.191])
(82.0,[0.1902])
(19.0,[0.1124])
(35.0,[0.225])
(33.0,[0.2223])
(17.0,[0.1537])
(29.0,[0.1724])
(8.0,[0.1048])
(107.0,[0.2127])
(103.0,[0.1928])
(5.0,[0.1245])
(112.0,[0.1012])
(175.0,[0.011])
(6.0,[0.0621])
(151.0,[0.1831])
(138.0,[0.1038])
(11.0,[0.1301])
(187.0,[0.2327])
(42.0,[0.2257])
(1.0,[0.1241])
(110.0,[0.2315])
(26.0,[0.0836])
(8.0,[0.1758])
(94.0,[0.2344])
(52.0,[0.1552])
(48.0,[0.1853])
(62.0,[0.2317])
(14.0,[0.1839])
(30.0,[0.2125])
(39.0,[0.1934])
(6.0,[0.1501])
(27.0,[0.0727])
(58.0,[0.0718])
(20.0,[0.175])
(1.0,[0.1036])
(21.0,[0.2001])
(176.0,[0.0126])
(6.0,[0.0831])
(54.0,[0.1209])
(54.0,[0.2049])
(95.0,[0.0933])
(14.0,[0.202])
(5.0,[0.2015])
(3.0,[0.1501])
