(2018-07-03,(0.0,196.0,0.0,0.0,0.0,15.0,18,0.0,10.0 12.0 52.0 196.0))
(2018-01-12,(0.0,21.0,0.0,0.0,3.0,2.6875,16,7.5,12.0 21.0))
(2018-01-13,(0.0,42.0,0.0,0.0,0.0,3.7142857142857144,14,0.0,2.0 8.0 42.0))
(2018-06-20,(0.0,51.0,0.0,0.0,9.0,8.1,20,22.5,32.0 40.0 51.0))
(2018-07-04,(0.0,89.0,0.0,0.0,1.0,10.4,15,2.5,6.0 60.0 89.0))
(2018-06-21,(0.0,78.0,14.0,0.0,41.0,22.4,20,102.5,))
(2018-07-05,(0.0,67.0,0.0,0.0,27.0,12.105263157894736,19,67.5,))
(2018-01-14,(0.0,167.0,0.0,0.0,22.0,16.25,16,55.0,167.0))
(2018-07-06,(0.0,253.0,0.0,0.0,4.0,17.63157894736842,19,10.0,17.0 47.0 253.0))
(2018-06-22,(0.0,177.0,1.0,0.0,36.0,22.1,20,90.0,93.0 177.0))
(2018-01-15,(0.0,60.0,8.0,1.0,23.0,12.9375,16,56.0,60.0))
(2018-01-16,(0.0,22.0,0.0,0.0,0.0,2.3076923076923075,13,0.0,1.0 7.0 22.0))
(2018-07-07,(0.0,98.0,0.0,0.0,35.0,18.625,16,87.5,98.0))
(2018-06-23,(0.0,90.0,0.0,0.0,7.0,9.411764705882353,17,17.5,40.0 90.0))
(2018-07-08,(0.0,19.0,0.0,0.0,1.0,2.5,20,2.5,3.0 11.0 16.0 19.0))
(2018-06-24,(0.0,178.0,12.0,0.0,80.0,45.65,20,200.0,))
(2018-01-17,(0.0,4.0,0.0,0.0,1.0,0.6428571428571429,14,2.5,4.0))
(2018-01-18,(0.0,5.0,0.0,0.0,0.0,0.375,16,0.0,1.0 5.0))
(2018-06-25,(0.0,56.0,0.0,0.0,8.0,6.2,20,20.0,27.0 56.0))
(2018-07-09,(0.0,19.0,0.0,0.0,0.0,1.15,20,0.0,4.0 19.0))
(2018-06-26,(0.0,379.0,99.0,0.0,207.0,112.0,19,517.5,))
(2018-01-19,(0.0,1.0,0.0,0.0,0.0,0.125,16,0.0,1.0 1.0))
(2018-06-27,(0.0,151.0,0.0,0.0,46.0,22.35,20,115.0,151.0))
(2018-12-30,(0.0,73.0,0.0,0.0,21.0,13.333333333333334,18,52.5,65.0 73.0))
(2018-12-31,(0.0,67.0,0.0,0.0,4.0,8.76923076923077,13,10.0,15.0 28.0 67.0))
(2018-06-28,(0.0,246.0,2.0,0.0,28.0,26.95,20,70.0,146.0 246.0))
(2018-06-29,(0.0,173.0,0.0,0.0,6.0,11.05,20,15.0,26.0 173.0))
(2018-04-10,(0.0,74.0,0.0,0.0,13.0,10.8125,16,32.5,70.0 74.0))
(2018-04-11,(0.0,17.0,0.0,0.0,0.0,1.3333333333333333,15,0.0,1.0 2.0 17.0))
(2018-04-12,(0.0,27.0,0.0,0.0,0.0,3.176470588235294,17,0.0,6.0 21.0 27.0))
(2018-09-20,(0.0,58.0,1.0,0.0,19.0,10.65,20,47.5,55.0 58.0))
(2018-04-13,(0.0,27.0,0.0,0.0,0.0,1.588235294117647,17,0.0,27.0))
(2018-11-01,(0.0,64.0,0.0,0.0,0.0,4.2105263157894735,19,0.0,2.0 14.0 64.0))
(2018-04-14,(0.0,27.0,0.0,0.0,4.0,3.2,15,10.0,11.0 27.0))
(2018-09-21,(0.0,21.0,0.0,0.0,0.0,2.3,20,0.0,3.0 4.0 18.0 21.0))
(2018-03-30,(0.0,68.0,0.0,0.0,0.0,5.529411764705882,17,0.0,26.0 68.0))
(2018-04-15,(0.0,3.0,0.0,0.0,0.0,0.23529411764705882,17,0.0,1.0 3.0))
(2018-11-02,(0.0,14.0,0.0,0.0,0.0,1.105263157894737,19,0.0,1.0 6.0 14.0))
(2018-03-31,(0.0,41.0,0.0,0.0,3.0,5.5,14,7.5,12.0 20.0 41.0))
(2018-09-22,(0.0,122.0,0.0,0.0,0.0,8.352941176470589,17,0.0,5.0 15.0 122.0))
(2018-11-03,(0.0,108.0,2.0,0.0,52.0,22.2,15,130.0,))
(2018-09-23,(0.0,100.0,0.0,0.0,4.0,8.68421052631579,19,10.0,45.0 100.0))
(2018-04-16,(0.0,10.0,0.0,0.0,0.0,0.7058823529411765,17,0.0,2.0 10.0))
(2018-11-04,(0.0,67.0,0.0,0.0,0.0,4.368421052631579,19,0.0,5.0 11.0 67.0))
(2018-04-17,(0.0,257.0,10.0,0.0,39.0,41.25,16,97.5,227.0 257.0))
(2018-09-24,(0.0,89.0,0.0,0.0,14.0,11.45,20,35.0,60.0 89.0))
(2018-10-20,(0.0,128.0,0.0,0.0,0.0,9.266666666666667,15,0.0,11.0 128.0))
(2018-09-25,(0.0,13.0,0.0,0.0,1.0,1.4736842105263157,19,2.5,3.0 4.0 5.0 13.0))
(2018-11-05,(0.0,42.0,0.0,0.0,2.0,4.2631578947368425,19,5.0,6.0 8.0 23.0 42.0))
(2018-10-21,(0.0,4.0,0.0,0.0,1.0,0.5789473684210527,19,2.5,3.0 4.0))
(2018-04-18,(0.0,171.0,0.0,0.0,9.0,14.625,16,22.5,35.0 171.0))
(2018-10-22,(0.0,82.0,0.0,0.0,0.0,10.380952380952381,21,0.0,13.0 16.0 43.0 64.0 82.0))
(2018-09-26,(0.0,15.0,0.0,0.0,7.0,3.6315789473684212,19,17.5,))
(2018-11-06,(0.0,61.0,0.0,0.0,0.0,4.588235294117647,17,0.0,1.0 3.0 13.0 61.0))
(2018-04-19,(0.0,28.0,0.0,0.0,0.0,3.5294117647058822,17,0.0,1.0 9.0 22.0 28.0))
(2018-11-07,(0.0,181.0,0.0,0.0,25.0,24.470588235294116,17,62.5,106.0 181.0))
(2018-10-23,(0.0,23.0,0.0,0.0,0.0,1.8421052631578947,19,0.0,12.0 23.0))
(2018-09-27,(0.0,90.0,0.0,0.0,37.0,18.05,20,92.5,))
(2018-11-08,(0.0,53.0,3.0,0.0,23.0,11.277777777777779,18,57.5,))
(2018-10-24,(0.0,57.0,0.0,0.0,5.0,7.7894736842105265,19,12.5,24.0 49.0 57.0))
(2018-09-28,(0.0,94.0,3.0,0.0,17.0,13.25,20,42.5,59.0 94.0))
(2018-11-09,(0.0,60.0,2.0,0.0,8.0,9.0,18,20.0,26.0 30.0 60.0))
(2018-10-25,(0.0,33.0,0.0,0.0,0.0,1.7619047619047619,21,0.0,2.0 2.0 33.0))
(2018-09-29,(0.0,9.0,0.0,0.0,0.0,0.5294117647058824,17,0.0,9.0))
(2018-10-26,(0.0,21.0,0.0,0.0,0.0,1.1428571428571428,21,0.0,3.0 21.0))
(2018-02-01,(0.0,3.0,0.0,0.0,0.0,0.3125,16,0.0,1.0 1.0 3.0))
(2018-02-02,(0.0,57.0,0.0,0.0,0.0,5.6875,16,0.0,7.0 27.0 57.0))
(2018-10-27,(0.0,33.0,0.0,0.0,0.0,2.5625,16,0.0,8.0 33.0))
(2018-10-28,(0.0,74.0,0.0,0.0,4.0,6.9411764705882355,17,10.0,13.0 16.0 74.0))
(2018-07-10,(0.0,234.0,0.0,0.0,1.0,14.85,20,2.5,5.0 13.0 44.0 234.0))
(2018-02-03,(0.0,20.0,0.0,0.0,0.0,2.2142857142857144,14,0.0,11.0 20.0))
(2018-02-04,(0.0,193.0,27.0,0.0,104.0,48.125,16,260.0,))
(2018-07-11,(0.0,5.0,0.0,0.0,0.0,0.35,20,0.0,2.0 5.0))
(2018-01-20,(0.0,10.0,0.0,0.0,0.0,1.6428571428571428,14,0.0,4.0 9.0 10.0))
(2018-10-29,(0.0,41.0,0.0,0.0,0.0,4.0,19,0.0,35.0 41.0))
(2018-07-12,(0.0,88.0,0.0,0.0,9.0,8.4,20,22.5,37.0 88.0))
(2018-01-21,(0.0,63.0,16.0,1.0,53.0,24.666666666666668,15,131.0,))
(2018-02-05,(0.0,196.0,2.0,0.0,59.0,33.15384615384615,13,147.5,196.0))
(2018-02-06,(0.0,93.0,0.0,0.0,2.0,8.692307692307692,13,5.0,7.0 11.0 93.0))
(2018-07-13,(0.0,36.0,0.0,0.0,0.0,2.5,20,0.0,3.0 11.0 36.0))
(2018-01-22,(0.0,20.0,0.0,0.0,0.0,2.3125,16,0.0,1.0 16.0 20.0))
(2018-02-07,(0.0,37.0,0.0,0.0,0.0,3.9285714285714284,14,0.0,2.0 16.0 37.0))
(2018-06-30,(0.0,41.0,0.0,0.0,2.0,4.823529411764706,17,5.0,11.0 23.0 41.0))
(2018-07-14,(0.0,73.0,0.0,0.0,0.0,6.0588235294117645,17,0.0,12.0 18.0 73.0))
(2018-01-23,(0.0,128.0,0.0,0.0,2.0,10.692307692307692,13,5.0,6.0 128.0))
(2018-07-15,(0.0,142.0,5.0,0.0,13.0,16.65,20,32.5,100.0 142.0))
(2018-01-24,(0.0,39.0,0.0,0.0,0.0,3.642857142857143,14,0.0,5.0 7.0 39.0))
(2018-02-08,(0.0,143.0,0.0,0.0,13.0,15.933333333333334,15,32.5,45.0 143.0))
(2018-01-25,(0.0,11.0,0.0,0.0,0.0,1.625,16,0.0,5.0 10.0 11.0))
(2018-02-09,(5.0,205.0,101.0,21.0,187.0,87.08333333333333,12,436.0,))
(2018-07-16,(0.0,240.0,20.0,0.0,78.0,43.4,20,195.0,240.0))
(2018-07-17,(0.0,61.0,0.0,0.0,8.0,5.65,20,20.0,25.0 61.0))
(2018-01-26,(0.0,58.0,0.0,0.0,3.0,5.3125,16,7.5,17.0 58.0))
(2018-01-27,(0.0,88.0,0.0,0.0,5.0,9.285714285714286,14,12.5,30.0 88.0))
(2018-07-18,(0.0,93.0,0.0,0.0,2.0,6.0,20,5.0,10.0 10.0 93.0))
(2018-01-28,(0.0,8.0,0.0,0.0,0.0,0.625,16,0.0,2.0 8.0))
(2018-07-19,(0.0,105.0,0.0,0.0,4.0,8.35,20,10.0,41.0 105.0))
(2018-01-29,(0.0,13.0,0.0,0.0,0.0,2.0,16,0.0,9.0 10.0 13.0))
(2018-05-01,(0.0,7.0,0.0,0.0,0.0,0.8235294117647058,17,0.0,2.0 5.0 7.0))
(2018-05-02,(0.0,25.0,0.0,0.0,3.0,3.066666666666667,15,7.5,11.0 25.0))
(2018-05-03,(0.0,208.0,23.0,0.0,42.0,42.44444444444444,18,105.0,112.0 164.0 208.0))
(2018-04-20,(0.0,103.0,0.0,0.0,0.0,8.0,17,0.0,33.0 103.0))
(2018-05-04,(0.0,33.0,0.0,0.0,3.0,4.526315789473684,19,7.5,20.0 25.0 33.0))
(2018-05-05,(0.0,27.0,0.0,0.0,0.0,2.625,16,0.0,15.0 27.0))
(2018-04-21,(0.0,60.0,1.0,0.0,21.0,15.071428571428571,14,52.5,60.0))
(2018-04-22,(0.0,26.0,0.0,0.0,0.0,2.764705882352941,17,0.0,1.0 5.0 15.0 26.0))
(2018-05-06,(0.0,27.0,0.0,0.0,0.0,2.4210526315789473,19,0.0,9.0 10.0 27.0))
(2018-09-30,(0.0,5.0,0.0,0.0,1.0,0.5789473684210527,19,2.5,3.0 5.0))
(2018-05-07,(0.0,84.0,0.0,0.0,0.0,5.2105263157894735,19,0.0,1.0 14.0 84.0))
(2018-11-10,(0.0,47.0,0.0,0.0,1.0,5.066666666666666,15,2.5,13.0 15.0 47.0))
(2018-04-23,(0.0,48.0,0.0,0.0,0.0,2.6666666666666665,18,0.0,48.0))
(2018-11-11,(0.0,65.0,5.0,0.0,16.0,13.294117647058824,17,40.0,65.0))
(2018-05-08,(0.0,0.0,0.0,0.0,0.0,0.0,19,0.0,))
(2018-04-24,(0.0,17.0,0.0,0.0,0.0,1.0,17,0.0,17.0))
(2018-11-12,(0.0,110.0,0.0,0.0,9.0,10.277777777777779,18,22.5,31.0 110.0))
(2018-05-09,(0.0,96.0,2.0,0.0,24.0,18.176470588235293,17,60.0,61.0 96.0))
(2018-04-25,(0.0,10.0,0.0,0.0,0.0,1.1764705882352942,17,0.0,10.0 10.0))
(2018-04-26,(0.0,309.0,0.0,0.0,3.0,18.944444444444443,18,7.5,19.0 309.0))
(2018-11-13,(0.0,25.0,0.0,0.0,0.0,2.823529411764706,17,0.0,8.0 15.0 25.0))
(2018-11-14,(0.0,115.0,0.0,0.0,7.0,11.588235294117647,17,17.5,26.0 30.0 115.0))
(2018-04-27,(0.0,53.0,0.0,0.0,0.0,3.1176470588235294,17,0.0,53.0))
(2018-10-30,(0.0,57.0,0.0,0.0,9.0,10.823529411764707,17,22.5,25.0 38.0 48.0 57.0))
(2018-11-15,(0.0,37.0,0.0,0.0,4.0,4.529411764705882,17,10.0,17.0 37.0))
(2018-10-31,(0.0,80.0,0.0,0.0,0.0,6.384615384615385,13,0.0,3.0 80.0))
(2018-04-28,(0.0,1.0,0.0,0.0,0.0,0.06666666666666667,15,0.0,1.0))
(2018-11-16,(0.0,22.0,0.0,0.0,4.0,3.0,16,10.0,22.0))
(2018-04-29,(0.0,0.0,0.0,0.0,0.0,0.0,18,0.0,))
(2018-11-17,(0.0,450.0,9.0,0.0,21.0,42.142857142857146,14,52.5,450.0))
(2018-11-18,(0.0,7.0,0.0,0.0,1.0,1.0625,16,2.5,4.0 5.0 7.0))
(2018-11-19,(0.0,31.0,0.0,0.0,0.0,1.9444444444444444,18,0.0,2.0 2.0 31.0))
(2018-08-01,(0.0,67.0,0.0,0.0,4.0,9.65,20,10.0,29.0 45.0 48.0 67.0))
(2018-02-10,(0.0,100.0,12.0,0.0,30.0,21.857142857142858,14,75.0,100.0))
(2018-02-11,(0.0,227.0,8.0,1.0,57.0,32.1875,16,141.0,227.0))
(2018-08-02,(0.0,47.0,0.0,0.0,3.0,4.9,20,7.5,19.0 23.0 47.0))
(2018-02-12,(0.0,70.0,0.0,0.0,2.0,5.25,16,5.0,8.0 70.0))
(2018-08-03,(0.0,59.0,0.0,0.0,0.0,3.75,20,0.0,3.0 13.0 59.0))
(2018-08-04,(0.0,13.0,0.0,0.0,0.0,1.6470588235294117,17,0.0,2.0 13.0 13.0))
(2018-02-13,(0.0,176.0,0.0,0.0,3.0,14.23076923076923,13,7.5,176.0))
(2018-07-20,(0.0,281.0,14.0,0.0,36.0,30.35,20,90.0,281.0))
(2018-07-21,(0.0,123.0,0.0,0.0,0.0,14.0,17,0.0,1.0 114.0 123.0))
(2018-08-05,(0.0,109.0,0.0,0.0,19.0,14.85,20,47.5,61.0 109.0))
(2018-02-14,(0.0,11.0,0.0,0.0,0.0,1.3333333333333333,15,0.0,2.0 7.0 11.0))
(2018-01-30,(0.0,81.0,0.0,0.0,0.0,6.769230769230769,13,0.0,1.0 6.0 81.0))
(2018-01-31,(0.0,0.0,0.0,0.0,0.0,0.0,14,0.0,))
(2018-02-15,(0.0,70.0,0.0,0.0,43.0,22.529411764705884,17,107.5,))
(2018-08-06,(0.0,78.0,18.0,0.0,34.0,22.25,20,85.0,))
(2018-07-22,(0.0,57.0,0.0,0.0,0.0,3.5,20,0.0,2.0 4.0 7.0 57.0))
(2018-02-16,(0.0,13.0,0.0,0.0,0.0,1.1764705882352942,17,0.0,1.0 6.0 13.0))
(2018-08-07,(0.0,310.0,1.0,0.0,109.0,54.85,20,272.5,310.0))
(2018-07-23,(0.0,352.0,38.0,1.0,123.0,62.55,20,306.0,352.0))
(2018-02-17,(0.0,4.0,0.0,0.0,0.0,0.38461538461538464,13,0.0,1.0 4.0))
(2018-08-08,(0.0,99.0,0.0,0.0,19.0,12.85,20,47.5,69.0 99.0))
(2018-07-24,(0.0,92.0,0.0,0.0,22.0,16.75,20,55.0,88.0 92.0))
(2018-02-18,(0.0,14.0,0.0,0.0,2.0,2.2941176470588234,17,5.0,8.0 11.0 14.0))
(2018-07-25,(0.0,206.0,0.0,0.0,18.0,23.68421052631579,19,45.0,49.0 65.0 99.0 206.0))
(2018-08-09,(0.0,116.0,0.0,0.0,14.0,16.476190476190474,21,35.0,79.0 85.0 116.0))
(2018-02-19,(0.0,151.0,0.0,0.0,3.0,15.705882352941176,17,7.5,102.0 151.0))
(2018-07-26,(0.0,318.0,0.0,0.0,12.0,24.95,20,30.0,47.0 72.0 318.0))
(2018-07-27,(0.0,298.0,8.0,0.0,58.0,48.05,20,145.0,166.0 217.0 298.0))
(2018-07-28,(0.0,99.0,20.0,0.0,35.0,24.25,16,87.5,99.0))
(2018-07-29,(0.0,167.0,0.0,0.0,10.0,24.0,20,25.0,27.0 111.0 163.0 167.0))
(2018-05-10,(0.0,40.0,0.0,0.0,0.0,2.9473684210526314,19,0.0,1.0 2.0 13.0 40.0))
(2018-05-11,(0.0,15.0,0.0,0.0,0.0,1.2222222222222223,18,0.0,1.0 2.0 4.0 15.0))
(2018-05-12,(0.0,34.0,0.0,0.0,0.0,2.5,16,0.0,6.0 34.0))
(2018-05-13,(0.0,31.0,0.0,0.0,0.0,1.631578947368421,19,0.0,31.0))
(2018-12-01,(0.0,7.0,0.0,0.0,0.0,0.5384615384615384,13,0.0,7.0))
(2018-05-14,(0.0,266.0,52.0,0.0,116.0,77.41176470588235,17,290.0,))
(2018-04-30,(0.0,2.0,0.0,0.0,0.0,0.1111111111111111,18,0.0,2.0))
(2018-05-15,(0.0,121.0,0.0,0.0,28.0,14.736842105263158,19,70.0,121.0))
(2018-12-02,(0.0,34.0,0.0,0.0,1.0,2.9285714285714284,14,2.5,5.0 34.0))
(2018-05-16,(0.0,66.0,0.0,0.0,0.0,5.388888888888889,18,0.0,5.0 8.0 18.0 66.0))
(2018-12-03,(0.0,107.0,0.0,0.0,21.0,16.8125,16,52.5,65.0 75.0 107.0))
(2018-05-17,(0.0,36.0,0.0,0.0,7.0,4.578947368421052,19,17.5,23.0 36.0))
(2018-12-04,(0.0,124.0,0.0,0.0,10.0,12.333333333333334,15,25.0,26.0 124.0))
(2018-11-20,(0.0,19.0,0.0,0.0,0.0,1.6470588235294117,17,0.0,9.0 19.0))
(2018-05-18,(0.0,168.0,0.0,0.0,9.0,20.0,19,22.5,149.0 168.0))
(2018-12-05,(0.0,0.0,0.0,0.0,0.0,0.0,15,0.0,))
(2018-11-21,(0.0,46.0,0.0,0.0,0.0,3.888888888888889,18,0.0,2.0 5.0 17.0 46.0))
(2018-12-06,(0.0,71.0,0.0,0.0,10.0,8.375,16,25.0,71.0))
(2018-05-19,(0.0,8.0,0.0,0.0,0.0,0.8125,16,0.0,5.0 8.0))
(2018-11-22,(0.0,0.0,0.0,0.0,0.0,0.0,9,0.0,))
(2018-12-07,(0.0,35.0,0.0,0.0,0.0,2.625,16,0.0,7.0 35.0))
(2018-11-23,(0.0,73.0,0.0,0.0,0.0,10.363636363636363,11,0.0,41.0 73.0))
(2018-12-08,(0.0,98.0,0.0,0.0,0.0,7.538461538461538,13,0.0,98.0))
(2018-11-24,(0.0,28.0,0.0,0.0,5.0,4.882352941176471,17,12.5,16.0 20.0 28.0))
(2018-11-25,(0.0,1046.0,1.0,0.0,51.0,100.58333333333333,12,127.5,1046.0))
(2018-12-09,(0.0,497.0,0.0,0.0,0.0,37.785714285714285,14,0.0,32.0 497.0))
(2018-03-01,(0.0,7.0,0.0,0.0,0.0,0.6470588235294118,17,0.0,1.0 3.0 7.0))
(2018-11-26,(0.0,576.0,216.0,75.0,290.0,212.53333333333333,15,612.5,))
(2018-03-02,(0.0,453.0,0.0,0.0,2.0,28.294117647058822,17,5.0,6.0 9.0 11.0 453.0))
(2018-11-27,(0.0,177.0,27.0,7.0,44.0,32.3125,16,99.5,177.0))
(2018-03-03,(0.0,215.0,0.0,0.0,4.0,22.384615384615383,13,10.0,29.0 39.0 215.0))
(2018-08-10,(0.0,16.0,0.0,0.0,0.0,1.5,20,0.0,1.0 3.0 10.0 16.0))
(2018-11-28,(0.0,85.0,0.0,0.0,0.0,6.75,16,0.0,11.0 12.0 85.0))
(2018-08-11,(0.0,104.0,0.0,0.0,27.0,18.666666666666668,18,67.5,86.0 104.0))
(2018-03-04,(0.0,48.0,0.0,0.0,3.0,6.647058823529412,17,7.5,11.0 40.0 48.0))
(2018-11-29,(0.0,20.0,0.0,0.0,0.0,2.1875,16,0.0,4.0 11.0 20.0))
(2018-02-20,(0.0,228.0,1.0,0.0,38.0,28.875,16,95.0,228.0))
(2018-08-12,(0.0,73.0,0.0,0.0,7.0,9.857142857142858,21,17.5,25.0 67.0 73.0))
(2018-03-05,(0.0,131.0,9.0,0.0,95.0,42.1764705882353,17,237.5,))
(2018-02-21,(0.0,341.0,1.0,0.0,8.0,34.3125,16,20.0,78.0 104.0 341.0))
(2018-03-06,(0.0,100.0,0.0,0.0,12.0,13.0,16,30.0,71.0 100.0))
(2018-02-22,(0.0,111.0,0.0,0.0,8.0,14.117647058823529,17,20.0,23.0 70.0 111.0))
(2018-08-13,(0.0,351.0,0.0,0.0,7.0,22.19047619047619,21,17.5,39.0 48.0 351.0))
(2018-03-07,(0.0,63.0,0.0,0.0,2.0,6.375,16,5.0,34.0 63.0))
(2018-08-14,(0.0,421.0,6.0,0.0,31.0,44.523809523809526,21,77.5,87.0 119.0 140.0 421.0))
(2018-07-30,(0.0,25.0,0.0,0.0,1.0,2.2,20,2.5,3.0 3.0 12.0 25.0))
(2018-02-23,(0.0,125.0,1.0,0.0,16.0,15.176470588235293,17,40.0,46.0 125.0))
(2018-02-24,(0.0,34.0,0.0,0.0,5.0,5.076923076923077,13,12.5,19.0 34.0))
(2018-07-31,(0.0,94.0,0.0,0.0,13.0,11.45,20,32.5,68.0 94.0))
(2018-03-08,(0.0,168.0,0.0,0.0,12.0,16.705882352941178,17,30.0,31.0 37.0 168.0))
(2018-08-15,(0.0,303.0,0.0,0.0,19.0,30.80952380952381,21,47.5,48.0 72.0 131.0 303.0))
(2018-03-09,(0.0,33.0,0.0,0.0,0.0,1.9411764705882353,17,0.0,33.0))
(2018-02-25,(0.0,33.0,0.0,0.0,0.0,2.0588235294117645,17,0.0,2.0 33.0))
(2018-08-16,(0.0,203.0,0.0,0.0,9.0,19.285714285714285,21,22.5,27.0 35.0 42.0 68.0 203.0))
(2018-08-17,(0.0,131.0,0.0,0.0,0.0,13.238095238095237,21,0.0,1.0 12.0 49.0 85.0 131.0))
(2018-02-26,(0.0,20.0,0.0,0.0,0.0,2.823529411764706,17,0.0,2.0 7.0 19.0 20.0))
(2018-08-18,(0.0,170.0,0.0,0.0,5.0,18.38888888888889,18,12.5,19.0 118.0 170.0))
(2018-02-27,(0.0,2.0,0.0,0.0,0.0,0.125,16,0.0,2.0))
(2018-08-19,(0.0,272.0,0.0,0.0,10.0,22.0,20,25.0,30.0 55.0 68.0 272.0))
(2018-02-28,(0.0,13.0,0.0,0.0,0.0,2.125,16,0.0,8.0 13.0 13.0))
(2018-06-01,(0.0,47.0,0.0,0.0,2.0,6.578947368421052,19,5.0,8.0 22.0 45.0 47.0))
(2018-06-02,(0.0,58.0,0.0,0.0,3.0,7.625,16,7.5,8.0 53.0 58.0))
(2018-06-03,(0.0,72.0,0.0,0.0,4.0,7.842105263157895,19,10.0,14.0 23.0 36.0 72.0))
(2018-05-20,(0.0,90.0,0.0,0.0,17.0,11.75,20,42.5,53.0 90.0))
(2018-06-04,(0.0,52.0,0.0,0.0,9.0,6.421052631578948,19,22.5,25.0 52.0))
(2018-05-21,(0.0,88.0,8.0,0.0,62.0,29.789473684210527,19,155.0,))
(2018-06-05,(0.0,82.0,0.0,0.0,1.0,7.052631578947368,19,2.5,8.0 11.0 32.0 82.0))
(2018-06-06,(0.0,105.0,0.0,0.0,8.0,9.0,18,20.0,24.0 105.0))
(2018-05-22,(0.0,17.0,0.0,0.0,0.0,0.8947368421052632,19,0.0,17.0))
(2018-06-07,(0.0,213.0,0.0,0.0,10.0,18.9,20,25.0,116.0 213.0))
(2018-05-23,(0.0,39.0,0.0,0.0,0.0,3.6666666666666665,18,0.0,11.0 16.0 39.0))
(2018-12-10,(0.0,108.0,0.0,0.0,43.0,19.5625,16,107.5,108.0))
(2018-12-11,(0.0,4.0,0.0,0.0,2.0,0.8666666666666667,15,5.0,))
(2018-05-24,(0.0,43.0,0.0,0.0,0.0,3.6842105263157894,19,0.0,4.0 11.0 12.0 43.0))
(2018-06-08,(0.0,140.0,17.0,0.0,50.0,33.421052631578945,19,125.0,140.0))
(2018-05-25,(0.0,746.0,0.0,0.0,4.0,43.8421052631579,19,10.0,12.0 17.0 54.0 746.0))
(2018-06-09,(0.0,411.0,4.0,0.0,43.0,42.35294117647059,17,107.5,411.0))
(2018-12-12,(0.0,65.0,0.0,0.0,2.0,6.133333333333334,15,5.0,10.0 15.0 65.0))
(2018-12-13,(0.0,94.0,0.0,0.0,0.0,5.882352941176471,17,0.0,3.0 3.0 94.0))
(2018-05-26,(0.0,77.0,0.0,0.0,5.0,6.3125,16,12.5,13.0 77.0))
(2018-12-14,(0.0,20.0,0.0,0.0,8.0,3.75,16,20.0,))
(2018-11-30,(0.0,32.0,4.0,0.0,7.0,6.0625,16,17.5,18.0 32.0))
(2018-05-27,(0.0,30.0,0.0,0.0,0.0,2.466666666666667,15,0.0,2.0 5.0 30.0))
(2018-05-28,(0.0,295.0,0.0,0.0,51.0,50.73684210526316,19,127.5,208.0 252.0 295.0))
(2018-12-15,(0.0,16.0,0.0,0.0,6.0,3.4615384615384617,13,15.0,16.0))
(2018-05-29,(0.0,29.0,0.0,0.0,1.0,2.736842105263158,19,2.5,9.0 12.0 29.0))
(2018-12-16,(0.0,75.0,0.0,0.0,1.0,10.933333333333334,15,2.5,27.0 60.0 75.0))
(2018-12-17,(0.0,25.0,0.0,0.0,0.0,1.5625,16,0.0,25.0))
(2018-12-18,(0.0,69.0,0.0,0.0,1.0,6.0625,16,2.5,26.0 69.0))
(2018-09-01,(0.0,237.0,35.0,3.0,104.0,65.1875,16,255.5,))
(2018-03-10,(0.0,29.0,0.0,0.0,0.0,2.6153846153846154,13,0.0,2.0 3.0 29.0))
(2018-12-19,(0.0,20.0,0.0,0.0,1.0,2.1176470588235294,17,2.5,6.0 6.0 20.0))
(2018-03-11,(0.0,76.0,0.0,0.0,0.0,4.529411764705882,17,0.0,1.0 76.0))
(2018-09-02,(0.0,48.0,1.0,0.0,26.0,9.8125,16,65.0,))
(2018-03-12,(0.0,42.0,0.0,0.0,1.0,4.705882352941177,17,2.5,4.0 5.0 28.0 42.0))
(2018-09-03,(0.0,351.0,110.0,0.0,234.0,113.33333333333333,18,585.0,))
(2018-09-04,(0.0,113.0,0.0,0.0,21.0,15.631578947368421,19,52.5,53.0 55.0 113.0))
(2018-08-20,(0.0,193.0,9.0,0.0,51.0,30.142857142857142,21,127.5,193.0))
(2018-03-13,(0.0,98.0,0.0,0.0,14.0,15.5,16,35.0,53.0 83.0 98.0))
(2018-03-14,(0.0,55.0,0.0,0.0,3.0,6.733333333333333,15,7.5,12.0 31.0 55.0))
(2018-08-21,(0.0,80.0,5.0,0.0,16.0,13.75,20,40.0,44.0 68.0 80.0))
(2018-10-01,(0.0,81.0,0.0,0.0,4.0,7.4,20,10.0,12.0 45.0 81.0))
(2018-09-05,(0.0,119.0,0.0,0.0,48.0,26.5,20,120.0,))
(2018-10-02,(0.0,35.0,0.0,0.0,1.0,3.3157894736842106,19,2.5,3.0 12.0 12.0 35.0))
(2018-08-22,(0.0,64.0,0.0,0.0,6.0,7.8,20,15.0,16.0 53.0 64.0))
(2018-03-15,(0.0,62.0,0.0,0.0,11.0,8.722222222222221,18,27.5,29.0 62.0))
(2018-09-06,(0.0,114.0,0.0,0.0,3.0,14.523809523809524,21,7.5,9.0 34.0 69.0 75.0 114.0))
(2018-03-16,(0.0,52.0,0.0,0.0,6.0,6.166666666666667,18,15.0,30.0 52.0))
(2018-10-03,(0.0,16.0,0.0,0.0,0.0,0.9473684210526315,19,0.0,2.0 16.0))
(2018-09-07,(0.0,195.0,0.0,0.0,17.0,20.68421052631579,19,42.5,122.0 195.0))
(2018-08-23,(0.0,68.0,0.0,0.0,12.0,8.0,20,30.0,68.0))
(2018-08-24,(0.0,171.0,0.0,0.0,6.0,14.2,20,15.0,17.0 21.0 61.0 171.0))
(2018-09-08,(0.0,24.0,0.0,0.0,0.0,2.4705882352941178,17,0.0,2.0 16.0 24.0))
(2018-03-17,(0.0,31.0,0.0,0.0,0.0,3.2857142857142856,14,0.0,3.0 12.0 31.0))
(2018-10-04,(0.0,44.0,0.0,0.0,8.0,6.761904761904762,21,20.0,25.0 32.0 44.0))
(2018-09-09,(0.0,6.0,0.0,0.0,0.0,0.3333333333333333,18,0.0,6.0))
(2018-08-25,(0.0,21.0,0.0,0.0,0.0,1.411764705882353,17,0.0,3.0 21.0))
(2018-10-05,(0.0,312.0,15.0,0.0,61.0,45.23809523809524,21,152.5,217.0 312.0))
(2018-03-18,(0.0,93.0,0.0,0.0,3.0,8.166666666666666,18,7.5,18.0 29.0 93.0))
(2018-10-06,(0.0,35.0,0.0,0.0,22.0,7.375,16,55.0,))
(2018-08-26,(0.0,203.0,3.0,0.0,40.0,25.210526315789473,19,100.0,203.0))
(2018-03-19,(0.0,1.0,0.0,0.0,0.0,0.058823529411764705,17,0.0,1.0))
(2018-10-07,(0.0,126.0,0.0,0.0,14.0,10.9,20,35.0,126.0))
(2018-08-27,(0.0,22.0,0.0,0.0,0.0,2.55,20,0.0,2.0 9.0 18.0 22.0))
(2018-08-28,(0.0,281.0,57.0,0.0,137.0,77.10526315789474,19,342.5,))
(2018-10-08,(0.0,40.0,0.0,0.0,10.0,7.095238095238095,21,25.0,33.0 40.0))
(2018-08-29,(0.0,221.0,0.0,0.0,0.0,12.35,20,0.0,1.0 10.0 15.0 221.0))
(2018-10-09,(0.0,62.0,5.0,0.0,26.0,15.0,19,65.0,))
(2018-01-01,(0.0,124.0,0.0,0.0,2.0,8.88888888888889,18,5.0,6.0 8.0 18.0 124.0))
(2018-01-02,(0.0,94.0,0.0,0.0,4.0,13.578947368421053,19,10.0,34.0 36.0 90.0 94.0))
(2018-06-10,(0.0,211.0,36.0,3.0,69.0,47.45,20,168.0,211.0))
(2018-01-03,(0.0,56.0,0.0,0.0,6.0,6.2631578947368425,19,15.0,22.0 24.0 56.0))
(2018-01-04,(0.0,7.0,0.0,0.0,0.0,0.3888888888888889,18,0.0,7.0))
(2018-06-11,(0.0,60.0,0.0,0.0,0.0,5.15,20,0.0,2.0 41.0 60.0))
(2018-06-12,(0.0,25.0,0.0,0.0,0.0,1.55,20,0.0,6.0 25.0))
(2018-01-05,(0.0,21.0,0.0,0.0,0.0,1.3333333333333333,18,0.0,1.0 2.0 21.0))
(2018-06-13,(0.0,11.0,0.0,0.0,0.0,1.0,20,0.0,9.0 11.0))
(2018-01-06,(0.0,91.0,0.0,0.0,0.0,6.125,16,0.0,7.0 91.0))
(2018-06-14,(0.0,22.0,0.0,0.0,0.0,1.8,20,0.0,4.0 5.0 5.0 22.0))
(2018-05-30,(0.0,347.0,8.0,0.0,208.0,96.94117647058823,17,520.0,))
(2018-01-07,(0.0,287.0,27.0,18.0,89.0,54.25,16,195.5,287.0))
(2018-06-15,(0.0,178.0,4.0,0.0,54.0,26.3,20,135.0,178.0))
(2018-05-31,(0.0,52.0,0.0,0.0,7.0,9.052631578947368,19,17.5,21.0 41.0 46.0 52.0))
(2018-01-08,(0.0,19.0,0.0,0.0,0.0,2.1875,16,0.0,4.0 12.0 19.0))
(2018-06-16,(0.0,157.0,1.0,0.0,33.0,22.647058823529413,17,82.5,157.0))
(2018-01-09,(0.0,24.0,0.0,0.0,2.0,3.0,13,5.0,9.0 24.0))
(2018-12-20,(0.0,20.0,0.0,0.0,0.0,1.3888888888888888,18,0.0,2.0 3.0 20.0))
(2018-06-17,(0.0,268.0,0.0,0.0,5.0,20.75,20,12.5,36.0 95.0 268.0))
(2018-12-21,(0.0,20.0,0.0,0.0,7.0,4.117647058823529,17,17.5,20.0))
(2018-06-18,(0.0,223.0,7.0,0.0,50.0,44.1,20,125.0,142.0 166.0 209.0 223.0))
(2018-06-19,(0.0,477.0,103.0,0.0,244.0,140.05263157894737,19,610.0,))
(2018-12-22,(0.0,271.0,0.0,0.0,0.0,28.75,16,0.0,76.0 113.0 271.0))
(2018-12-23,(0.0,53.0,0.0,0.0,6.0,6.7894736842105265,19,15.0,19.0 29.0 53.0))
(2018-12-24,(0.0,0.0,0.0,0.0,0.0,0.0,12,0.0,))
(2018-12-25,(0.0,20.0,0.0,0.0,0.0,1.5384615384615385,13,0.0,20.0))
(2018-12-26,(0.0,67.0,0.0,0.0,8.0,11.588235294117647,17,20.0,48.0 54.0 67.0))
(2018-04-01,(0.0,38.0,0.0,0.0,0.0,2.7333333333333334,15,0.0,3.0 38.0))
(2018-04-02,(0.0,14.0,0.0,0.0,0.0,1.0,17,0.0,3.0 14.0))
(2018-12-27,(0.0,154.0,1.0,0.0,12.0,18.166666666666668,18,30.0,39.0 76.0 154.0))
(2018-04-03,(0.0,32.0,0.0,0.0,0.0,3.8,15,0.0,4.0 21.0 32.0))
(2018-12-28,(0.0,156.0,0.0,0.0,25.0,21.941176470588236,17,62.5,156.0))
(2018-09-10,(0.0,30.0,0.0,0.0,2.0,3.15,20,5.0,13.0 14.0 30.0))
(2018-03-20,(0.0,20.0,0.0,0.0,0.0,1.6875,16,0.0,7.0 20.0))
(2018-12-29,(0.0,82.0,3.0,0.0,34.0,15.125,16,85.0,))
(2018-09-11,(0.0,30.0,0.0,0.0,0.0,2.263157894736842,19,0.0,1.0 12.0 30.0))
(2018-04-04,(0.0,12.0,0.0,0.0,0.0,0.8571428571428571,14,0.0,12.0))
(2018-09-12,(0.0,153.0,0.0,0.0,9.0,13.31578947368421,19,22.5,24.0 47.0 153.0))
(2018-04-05,(0.0,16.0,0.0,0.0,0.0,1.4705882352941178,17,0.0,9.0 16.0))
(2018-03-21,(0.0,3.0,0.0,0.0,0.0,0.26666666666666666,15,0.0,1.0 3.0))
(2018-09-13,(0.0,62.0,0.0,0.0,2.0,6.05,20,5.0,6.0 25.0 26.0 62.0))
(2018-04-06,(0.0,128.0,0.0,0.0,30.0,19.875,16,75.0,106.0 128.0))
(2018-03-22,(0.0,23.0,0.0,0.0,1.0,1.8333333333333333,18,2.5,4.0 4.0 23.0))
(2018-10-10,(0.0,148.0,0.0,0.0,4.0,12.0,19,10.0,13.0 22.0 37.0 148.0))
(2018-08-30,(0.0,70.0,0.0,0.0,1.0,8.45,20,2.5,22.0 34.0 41.0 70.0))
(2018-03-23,(0.0,93.0,0.0,0.0,10.0,12.444444444444445,18,25.0,33.0 40.0 48.0 93.0))
(2018-04-07,(0.0,92.0,1.0,0.0,25.0,15.0,15,62.5,92.0))
(2018-09-14,(0.0,157.0,0.0,0.0,0.0,9.2,20,0.0,3.0 24.0 157.0))
(2018-03-24,(0.0,14.0,0.0,0.0,0.0,1.0,14,0.0,14.0))
(2018-04-08,(0.0,47.0,0.0,0.0,0.0,3.588235294117647,17,0.0,3.0 4.0 7.0 47.0))
(2018-08-31,(0.0,212.0,0.0,0.0,3.0,12.85,20,7.5,11.0 26.0 212.0))
(2018-10-11,(0.0,227.0,0.0,0.0,13.0,21.952380952380953,21,32.5,33.0 119.0 227.0))
(2018-09-15,(0.0,33.0,0.0,0.0,0.0,3.235294117647059,17,0.0,10.0 12.0 33.0))
(2018-10-12,(0.0,7.0,0.0,0.0,0.0,1.1428571428571428,21,0.0,5.0 6.0 6.0 7.0))
(2018-09-16,(0.0,376.0,0.0,0.0,0.0,21.35,20,0.0,3.0 48.0 376.0))
(2018-03-25,(0.0,11.0,0.0,0.0,0.0,1.0,18,0.0,7.0 11.0))
(2018-04-09,(0.0,113.0,0.0,0.0,0.0,8.9375,16,0.0,12.0 18.0 113.0))
(2018-10-13,(0.0,55.0,0.0,0.0,3.0,4.125,16,7.5,55.0))
(2018-03-26,(0.0,4.0,0.0,0.0,0.0,0.35294117647058826,17,0.0,2.0 4.0))
(2018-09-17,(0.0,96.0,0.0,0.0,3.0,9.15,20,7.5,8.0 22.0 53.0 96.0))
(2018-09-18,(0.0,69.0,0.0,0.0,11.0,8.842105263157896,19,27.5,49.0 69.0))
(2018-03-27,(0.0,3.0,0.0,0.0,0.0,0.375,16,0.0,3.0 3.0))
(2018-10-14,(0.0,76.0,7.0,0.0,26.0,15.5,20,65.0,76.0))
(2018-09-19,(0.0,207.0,0.0,0.0,23.0,16.94736842105263,19,57.5,207.0))
(2018-10-15,(0.0,132.0,0.0,0.0,7.0,15.571428571428571,21,17.5,30.0 37.0 42.0 70.0 132.0))
(2018-03-28,(0.0,93.0,0.0,0.0,6.0,8.133333333333333,15,15.0,93.0))
(2018-03-29,(0.0,46.0,0.0,0.0,4.0,6.333333333333333,18,10.0,19.0 36.0 46.0))
(2018-10-16,(0.0,274.0,0.0,0.0,1.0,20.31578947368421,19,2.5,12.0 26.0 73.0 274.0))
(2018-10-17,(0.0,49.0,0.0,0.0,0.0,3.4210526315789473,19,0.0,1.0 15.0 49.0))
(2018-10-18,(0.0,24.0,0.0,0.0,0.0,1.9047619047619047,21,0.0,5.0 11.0 24.0))
(2018-10-19,(0.0,224.0,0.0,0.0,9.0,21.15,20,22.5,70.0 81.0 224.0))
(2018-07-01,(0.0,216.0,10.0,0.0,14.0,22.22222222222222,18,35.0,38.0 40.0 41.0 216.0))
(2018-01-10,(0.0,0.0,0.0,0.0,0.0,0.0,14,0.0,))
(2018-01-11,(0.0,7.0,0.0,0.0,1.0,0.875,16,2.5,4.0 7.0))
(2018-07-02,(0.0,45.0,0.0,0.0,0.0,3.9444444444444446,18,0.0,3.0 9.0 14.0 45.0))
