(2018-10-08,(1.0,40.0,14.0,5.0,24.0,16.555555555555557,9,52.5,))
(2018-03-31,(1.0,41.0,12.0,3.0,20.0,15.4,5,45.5,))
(2018-08-03,(3.0,59.0,13.0,3.0,59.0,25.0,3,143.0,))
(2018-09-15,(10.0,33.0,12.0,10.0,33.0,18.333333333333332,3,67.5,))
(2018-05-11,(1.0,15.0,4.0,2.0,15.0,5.5,4,34.5,))
(2018-06-23,(7.0,90.0,13.0,10.0,40.0,32.0,5,85.0,90.0))
(2018-08-04,(2.0,13.0,13.0,2.0,13.0,9.333333333333334,3,29.5,))
(2018-09-16,(3.0,376.0,48.0,3.0,376.0,142.33333333333334,3,935.5,))
(2018-05-12,(6.0,34.0,34.0,6.0,34.0,20.0,2,76.0,))
(2018-06-24,(2.0,178.0,78.0,32.0,153.0,83.0,11,334.5,))
(2018-02-20,(1.0,228.0,38.0,9.0,93.0,57.75,8,219.0,228.0))
(2018-04-01,(3.0,38.0,38.0,3.0,38.0,20.5,2,90.5,))
(2018-05-13,(31.0,31.0,31.0,31.0,31.0,31.0,1,31.0,))
(2018-08-05,(12.0,109.0,39.0,13.0,61.0,42.42857142857143,7,133.0,))
(2018-06-25,(1.0,56.0,20.0,8.0,27.0,20.666666666666668,6,55.5,56.0))
(2018-12-20,(2.0,20.0,3.0,2.0,20.0,8.333333333333334,3,47.0,))
(2018-02-21,(1.0,341.0,8.0,6.0,104.0,68.625,8,251.0,341.0))
(2018-09-17,(1.0,96.0,22.0,3.0,53.0,30.5,6,128.0,))
(2018-06-26,(3.0,379.0,138.0,69.0,231.0,152.0,14,474.0,))
(2018-09-18,(3.0,69.0,13.0,4.0,49.0,24.0,7,116.5,))
(2018-02-22,(4.0,111.0,15.0,5.0,70.0,30.0,8,167.5,))
(2018-08-06,(1.0,78.0,31.0,17.0,35.0,31.785714285714285,14,62.0,78.0 78.0))
(2018-12-21,(1.0,20.0,9.0,4.0,14.0,8.75,8,29.0,))
(2018-04-02,(3.0,14.0,14.0,3.0,14.0,8.5,2,30.5,))
(2018-05-14,(5.0,266.0,114.0,52.0,169.0,109.66666666666667,12,344.5,))
(2018-01-11,(1.0,7.0,4.0,2.0,7.0,3.5,4,14.5,))
(2018-09-19,(2.0,207.0,25.0,4.0,35.0,46.0,7,81.5,207.0))
(2018-04-03,(4.0,32.0,21.0,4.0,32.0,19.0,3,74.0,))
(2018-05-15,(1.0,121.0,29.0,11.0,49.0,35.0,8,106.0,121.0))
(2018-02-23,(1.0,125.0,16.0,4.0,33.0,28.666666666666668,9,76.5,125.0))
(2018-06-27,(2.0,151.0,46.0,13.0,61.0,49.666666666666664,9,133.0,151.0))
(2018-11-10,(1.0,47.0,15.0,13.0,47.0,19.0,4,98.0,))
(2018-12-22,(76.0,271.0,113.0,76.0,271.0,153.33333333333334,3,563.5,))
(2018-08-07,(1.0,310.0,109.0,16.0,186.0,109.7,10,441.0,))
(2018-02-24,(5.0,34.0,19.0,8.0,34.0,16.5,4,73.0,))
(2018-11-11,(4.0,65.0,16.0,6.0,36.0,22.6,10,81.0,))
(2018-05-16,(5.0,66.0,18.0,8.0,66.0,24.25,4,153.0,))
(2018-04-04,(12.0,12.0,12.0,12.0,12.0,12.0,1,12.0,))
(2018-12-23,(2.0,53.0,15.0,5.0,29.0,18.428571428571427,7,65.0,))
(2018-06-28,(1.0,246.0,26.0,5.0,33.0,49.0,11,75.0,146.0 246.0))
(2018-08-08,(5.0,99.0,29.0,6.0,69.0,36.714285714285715,7,163.5,))
(2018-01-12,(2.0,21.0,5.0,3.0,12.0,8.6,5,25.5,))
(2018-05-17,(7.0,36.0,11.0,10.0,23.0,17.4,5,42.5,))
(2018-01-13,(2.0,42.0,8.0,2.0,42.0,17.333333333333332,3,102.0,))
(2018-06-29,(1.0,173.0,8.0,6.0,26.0,36.833333333333336,6,56.0,173.0))
(2018-11-12,(1.0,110.0,13.0,2.0,31.0,26.428571428571427,7,74.5,110.0))
(2018-02-25,(2.0,33.0,33.0,2.0,33.0,17.5,2,79.5,))
(2018-08-09,(10.0,116.0,16.0,14.0,85.0,43.25,8,191.5,))
(2018-04-05,(9.0,16.0,16.0,9.0,16.0,12.5,2,26.5,))
(2018-05-18,(4.0,168.0,15.0,8.0,149.0,47.5,8,360.5,))
(2018-01-14,(5.0,167.0,22.0,22.0,44.0,52.0,5,77.0,167.0))
(2018-04-06,(2.0,128.0,30.0,5.0,106.0,45.42857142857143,7,257.5,))
(2018-11-13,(8.0,25.0,15.0,8.0,25.0,16.0,3,50.5,))
(2018-02-26,(2.0,20.0,19.0,7.0,20.0,12.0,4,39.5,))
(2018-10-01,(4.0,81.0,12.0,6.0,45.0,29.6,5,103.5,))
(2018-12-25,(20.0,20.0,20.0,20.0,20.0,20.0,1,20.0,))
(2018-11-14,(2.0,115.0,13.0,2.0,30.0,24.625,8,72.0,115.0))
(2018-12-26,(3.0,67.0,13.0,4.0,54.0,28.142857142857142,7,129.0,))
(2018-10-02,(1.0,35.0,12.0,3.0,12.0,12.6,5,25.5,35.0))
(2018-01-15,(1.0,60.0,12.0,5.0,29.0,17.25,12,65.0,))
(2018-04-07,(1.0,92.0,7.0,5.0,38.0,25.0,9,87.5,92.0))
(2018-05-19,(5.0,8.0,8.0,5.0,8.0,6.5,2,12.5,))
(2018-02-27,(2.0,2.0,2.0,2.0,2.0,2.0,1,2.0,))
(2018-11-15,(2.0,37.0,9.0,4.0,17.0,12.833333333333334,6,36.5,37.0))
(2018-04-08,(3.0,47.0,7.0,4.0,47.0,15.25,4,111.5,))
(2018-01-16,(1.0,22.0,7.0,1.0,22.0,10.0,3,53.5,))
(2018-02-28,(8.0,13.0,13.0,8.0,13.0,11.333333333333334,3,20.5,))
(2018-10-03,(2.0,16.0,16.0,2.0,16.0,9.0,2,37.0,))
(2018-12-27,(1.0,154.0,12.0,8.0,39.0,36.333333333333336,9,85.5,154.0))
(2018-04-09,(12.0,113.0,18.0,12.0,113.0,47.666666666666664,3,264.5,))
(2018-11-16,(2.0,22.0,8.0,2.0,10.0,8.0,6,22.0,))
(2018-12-28,(4.0,156.0,50.0,18.0,59.0,46.625,8,120.5,156.0))
(2018-10-04,(5.0,44.0,12.0,8.0,32.0,17.75,8,68.0,))
(2018-01-17,(1.0,4.0,2.0,2.0,4.0,2.25,4,7.0,))
(2018-01-18,(1.0,5.0,5.0,1.0,5.0,3.0,2,11.0,))
(2018-12-29,(3.0,82.0,34.0,4.0,73.0,30.25,8,176.5,))
(2018-10-05,(9.0,312.0,61.0,17.0,112.0,79.16666666666667,12,254.5,312.0))
(2018-11-17,(2.0,450.0,17.0,7.0,29.0,59.0,10,62.0,450.0))
(2018-10-06,(1.0,35.0,23.0,3.0,34.0,19.666666666666668,6,80.5,))
(2018-11-18,(1.0,7.0,5.0,4.0,7.0,4.25,4,11.5,))
(2018-01-19,(1.0,1.0,1.0,1.0,1.0,1.0,2,1.0,))
(2018-11-19,(2.0,31.0,2.0,2.0,31.0,11.666666666666666,3,74.5,))
(2018-10-07,(2.0,126.0,17.0,8.0,33.0,31.142857142857142,7,70.5,126.0))
(2018-10-09,(4.0,62.0,20.0,6.0,48.0,23.75,12,111.0,))
(2018-09-20,(1.0,58.0,19.0,6.0,33.0,21.3,10,73.5,))
(2018-09-21,(3.0,21.0,18.0,4.0,21.0,11.5,4,46.5,))
(2018-06-30,(1.0,41.0,11.0,2.0,23.0,13.666666666666666,6,54.5,))
(2018-08-10,(1.0,16.0,10.0,3.0,16.0,7.5,4,35.5,))
(2018-09-22,(5.0,122.0,15.0,5.0,122.0,47.333333333333336,3,297.5,))
(2018-08-11,(8.0,104.0,42.0,10.0,86.0,48.0,7,200.0,))
(2018-09-23,(2.0,100.0,10.0,4.0,45.0,27.5,6,106.5,))
(2018-05-20,(17.0,90.0,41.0,34.0,53.0,47.0,5,81.5,90.0))
(2018-08-12,(1.0,73.0,13.0,4.0,25.0,23.0,9,56.5,67.0 73.0))
(2018-09-24,(1.0,89.0,20.0,13.0,60.0,28.625,8,130.5,))
(2018-05-21,(2.0,88.0,48.0,8.0,65.0,43.53846153846154,13,150.5,))
(2018-09-25,(1.0,13.0,3.0,1.0,5.0,4.0,7,11.0,13.0))
(2018-07-01,(2.0,216.0,14.0,13.0,40.0,40.0,10,80.5,216.0))
(2018-08-13,(7.0,351.0,39.0,7.0,48.0,77.66666666666667,6,109.5,351.0))
(2018-08-14,(1.0,421.0,30.0,15.0,87.0,71.92307692307692,13,195.0,421.0))
(2018-09-26,(1.0,15.0,7.0,3.0,13.0,7.666666666666667,9,28.0,))
(2018-07-02,(3.0,45.0,14.0,9.0,45.0,17.75,4,99.0,))
(2018-05-22,(17.0,17.0,17.0,17.0,17.0,17.0,1,17.0,))
(2018-04-10,(2.0,74.0,14.0,13.0,70.0,34.6,5,155.5,))
(2018-04-11,(1.0,17.0,2.0,1.0,17.0,6.666666666666667,3,41.0,))
(2018-05-23,(11.0,39.0,16.0,11.0,39.0,22.0,3,81.0,))
(2018-07-03,(10.0,196.0,52.0,12.0,196.0,67.5,4,472.0,))
(2018-12-30,(2.0,73.0,33.0,7.0,65.0,34.285714285714285,7,152.0,))
(2018-09-27,(1.0,90.0,37.0,23.0,58.0,40.111111111111114,9,110.5,))
(2018-08-15,(4.0,303.0,46.0,13.0,72.0,71.88888888888889,9,160.5,303.0))
(2018-04-12,(6.0,27.0,21.0,6.0,27.0,18.0,3,58.5,))
(2018-05-24,(4.0,43.0,12.0,11.0,43.0,17.5,4,91.0,))
(2018-12-31,(4.0,67.0,28.0,15.0,67.0,28.5,4,145.0,))
(2018-07-04,(1.0,89.0,60.0,6.0,89.0,39.0,4,213.5,))
(2018-09-28,(1.0,94.0,12.0,5.0,32.0,24.09090909090909,11,72.5,94.0))
(2018-08-16,(5.0,203.0,27.0,9.0,42.0,45.0,9,91.5,203.0))
(2018-01-20,(4.0,10.0,9.0,4.0,10.0,7.666666666666667,3,19.0,))
(2018-01-21,(1.0,63.0,37.0,9.0,55.0,30.833333333333332,12,124.0,))
(2018-05-25,(4.0,746.0,17.0,12.0,54.0,166.6,5,117.0,746.0))
(2018-07-05,(12.0,67.0,29.0,13.0,52.0,32.857142857142854,7,110.5,))
(2018-03-01,(1.0,7.0,3.0,1.0,7.0,3.6666666666666665,3,16.0,))
(2018-08-17,(1.0,131.0,49.0,12.0,85.0,55.6,5,194.5,))
(2018-11-20,(9.0,19.0,19.0,9.0,19.0,14.0,2,34.0,))
(2018-04-13,(27.0,27.0,27.0,27.0,27.0,27.0,1,27.0,))
(2018-09-29,(9.0,9.0,9.0,9.0,9.0,9.0,1,9.0,))
(2018-04-14,(4.0,27.0,11.0,6.0,27.0,12.0,4,58.5,))
(2018-07-06,(2.0,253.0,9.0,3.0,47.0,47.857142857142854,7,113.0,253.0))
(2018-05-26,(5.0,77.0,13.0,6.0,77.0,25.25,4,183.5,))
(2018-11-21,(2.0,46.0,17.0,5.0,46.0,17.5,4,107.5,))
(2018-08-18,(3.0,170.0,11.0,5.0,118.0,47.285714285714285,7,287.5,))
(2018-03-02,(2.0,453.0,9.0,6.0,11.0,96.2,5,18.5,453.0))
(2018-01-22,(1.0,20.0,16.0,1.0,20.0,12.333333333333334,3,48.5,))
(2018-10-10,(2.0,148.0,13.0,2.0,37.0,32.57142857142857,7,89.5,148.0))
(2018-08-19,(1.0,272.0,30.0,2.0,68.0,55.0,8,167.0,272.0))
(2018-04-15,(1.0,3.0,3.0,1.0,3.0,2.0,2,6.0,))
(2018-07-07,(13.0,98.0,60.0,14.0,78.0,49.666666666666664,6,174.0,))
(2018-03-03,(1.0,215.0,29.0,3.0,39.0,48.5,6,93.0,215.0))
(2018-01-23,(1.0,128.0,2.0,2.0,6.0,27.8,5,12.0,128.0))
(2018-05-27,(2.0,30.0,5.0,2.0,30.0,12.333333333333334,3,72.0,))
(2018-04-16,(2.0,10.0,10.0,2.0,10.0,6.0,2,22.0,))
(2018-01-24,(5.0,39.0,7.0,5.0,39.0,17.0,3,90.0,))
(2018-03-04,(2.0,48.0,7.0,2.0,40.0,16.142857142857142,7,97.0,))
(2018-05-28,(9.0,295.0,122.0,27.0,252.0,137.71428571428572,7,589.5,))
(2018-10-11,(3.0,227.0,22.0,5.0,33.0,46.1,10,75.0,119.0 227.0))
(2018-07-08,(1.0,19.0,11.0,3.0,16.0,10.0,5,35.5,))
(2018-11-23,(41.0,73.0,73.0,41.0,73.0,57.0,2,121.0,))
(2018-01-25,(5.0,11.0,10.0,5.0,11.0,8.666666666666666,3,20.0,))
(2018-10-12,(5.0,7.0,6.0,6.0,7.0,6.0,4,8.5,))
(2018-05-29,(1.0,29.0,9.0,1.0,12.0,10.4,5,28.5,29.0))
(2018-04-17,(1.0,257.0,35.0,10.0,48.0,73.33333333333333,9,105.0,227.0 257.0))
(2018-03-05,(9.0,131.0,95.0,38.0,120.0,79.66666666666667,9,243.0,))
(2018-07-09,(4.0,19.0,19.0,4.0,19.0,11.5,2,41.5,))
(2018-11-24,(1.0,28.0,9.0,4.0,20.0,11.857142857142858,7,44.0,))
(2018-03-06,(1.0,100.0,24.0,12.0,71.0,41.6,5,159.5,))
(2018-10-13,(3.0,55.0,4.0,4.0,55.0,16.5,4,131.5,))
(2018-11-25,(1.0,1046.0,51.0,17.0,70.0,201.16666666666666,6,149.5,1046.0))
(2018-01-26,(2.0,58.0,5.0,3.0,17.0,17.0,5,38.0,58.0))
(2018-04-18,(9.0,171.0,35.0,19.0,171.0,58.5,4,399.0,))
(2018-03-07,(2.0,63.0,34.0,3.0,63.0,25.5,4,153.0,))
(2018-11-26,(38.0,576.0,222.0,133.0,290.0,227.71428571428572,14,525.5,576.0))
(2018-01-27,(1.0,88.0,6.0,5.0,30.0,26.0,5,67.5,88.0))
(2018-04-19,(1.0,28.0,22.0,9.0,28.0,15.0,4,56.5,))
(2018-10-14,(4.0,76.0,25.0,7.0,48.0,25.833333333333332,12,109.5,))
(2018-01-28,(2.0,8.0,8.0,2.0,8.0,5.0,2,17.0,))
(2018-10-15,(4.0,132.0,37.0,7.0,70.0,40.875,8,164.5,))
(2018-03-08,(2.0,168.0,22.0,8.0,37.0,35.5,8,80.5,168.0))
(2018-11-27,(3.0,177.0,27.0,14.0,44.0,39.76923076923077,13,89.0,177.0))
(2018-01-29,(9.0,13.0,10.0,9.0,13.0,10.666666666666666,3,19.0,))
(2018-03-09,(33.0,33.0,33.0,33.0,33.0,33.0,1,33.0,))
(2018-11-28,(11.0,85.0,12.0,11.0,85.0,36.0,3,196.0,))
(2018-10-16,(1.0,274.0,26.0,12.0,73.0,77.2,5,164.5,274.0))
(2018-10-17,(1.0,49.0,15.0,1.0,49.0,21.666666666666668,3,121.0,))
(2018-11-29,(4.0,20.0,11.0,4.0,20.0,11.666666666666666,3,44.0,))
(2018-10-18,(5.0,24.0,11.0,5.0,24.0,13.333333333333334,3,52.5,))
(2018-10-19,(2.0,224.0,9.0,7.0,70.0,47.0,9,164.5,224.0))
(2018-09-30,(1.0,5.0,1.0,1.0,3.0,2.2,5,6.0,))
(2018-08-20,(1.0,193.0,39.0,6.0,65.0,42.2,15,153.5,193.0))
(2018-08-21,(3.0,80.0,14.0,6.0,44.0,25.0,11,101.0,))
(2018-07-10,(1.0,234.0,13.0,5.0,44.0,59.4,5,102.5,234.0))
(2018-05-30,(3.0,347.0,146.0,8.0,228.0,149.8181818181818,11,558.0,))
(2018-08-22,(2.0,64.0,10.0,5.0,53.0,22.285714285714285,7,125.0,))
(2018-05-31,(5.0,52.0,41.0,7.0,46.0,28.666666666666668,6,104.5,))
(2018-07-11,(2.0,5.0,5.0,2.0,5.0,3.5,2,9.5,))
(2018-08-23,(4.0,68.0,12.0,7.0,15.0,17.77777777777778,9,27.0,68.0))
(2018-08-24,(3.0,171.0,17.0,5.0,61.0,40.57142857142857,7,145.0,171.0))
(2018-07-12,(3.0,88.0,20.0,9.0,37.0,28.0,6,79.0,88.0))
(2018-04-20,(33.0,103.0,103.0,33.0,103.0,68.0,2,208.0,))
(2018-07-13,(3.0,36.0,11.0,3.0,36.0,16.666666666666668,3,85.5,))
(2018-08-25,(3.0,21.0,21.0,3.0,21.0,12.0,2,48.0,))
(2018-06-01,(1.0,47.0,22.0,2.0,45.0,20.833333333333332,6,109.5,))
(2018-04-21,(1.0,60.0,21.0,19.0,49.0,26.375,8,94.0,))
(2018-04-22,(1.0,26.0,15.0,5.0,26.0,11.75,4,57.5,))
(2018-03-10,(2.0,29.0,3.0,2.0,29.0,11.333333333333334,3,69.5,))
(2018-06-02,(3.0,58.0,53.0,8.0,58.0,30.5,4,133.0,))
(2018-08-26,(1.0,203.0,21.0,3.0,41.0,36.84615384615385,13,98.0,203.0))
(2018-07-14,(12.0,73.0,18.0,12.0,73.0,34.333333333333336,3,164.5,))
(2018-01-30,(1.0,81.0,6.0,1.0,81.0,29.333333333333332,3,201.0,))
(2018-07-15,(1.0,142.0,9.0,6.0,22.0,30.272727272727273,11,46.0,100.0 142.0))
(2018-03-11,(1.0,76.0,76.0,1.0,76.0,38.5,2,188.5,))
(2018-11-30,(1.0,32.0,7.0,4.0,16.0,9.7,10,34.0,))
(2018-08-27,(2.0,22.0,18.0,9.0,22.0,12.75,4,41.5,))
(2018-06-03,(4.0,72.0,23.0,14.0,36.0,29.8,5,69.0,72.0))
(2018-04-23,(48.0,48.0,48.0,48.0,48.0,48.0,1,48.0,))
(2018-08-28,(17.0,281.0,79.0,49.0,156.0,104.64285714285714,14,316.5,))
(2018-03-12,(1.0,42.0,5.0,4.0,28.0,16.0,5,64.0,))
(2018-07-16,(1.0,240.0,44.0,20.0,80.0,66.76923076923077,13,170.0,240.0))
(2018-04-24,(17.0,17.0,17.0,17.0,17.0,17.0,1,17.0,))
(2018-06-04,(8.0,52.0,17.0,9.0,25.0,20.333333333333332,6,49.0,52.0))
(2018-07-17,(8.0,61.0,11.0,8.0,25.0,22.6,5,50.5,61.0))
(2018-08-29,(1.0,221.0,15.0,10.0,221.0,61.75,4,537.5,))
(2018-06-05,(1.0,82.0,11.0,8.0,32.0,26.8,5,68.0,82.0))
(2018-02-01,(1.0,3.0,1.0,1.0,3.0,1.6666666666666667,3,6.0,))
(2018-10-20,(11.0,128.0,128.0,11.0,128.0,69.5,2,303.5,))
(2018-03-13,(14.0,98.0,83.0,53.0,98.0,62.0,4,165.5,))
(2018-04-25,(10.0,10.0,10.0,10.0,10.0,10.0,2,10.0,))
(2018-02-02,(7.0,57.0,27.0,7.0,57.0,30.333333333333332,3,132.0,))
(2018-04-26,(3.0,309.0,6.0,4.0,19.0,68.2,5,41.5,309.0))
(2018-06-06,(8.0,105.0,17.0,8.0,24.0,32.4,5,48.0,105.0))
(2018-03-14,(3.0,55.0,31.0,12.0,55.0,25.25,4,119.5,))
(2018-10-21,(1.0,4.0,2.0,1.0,3.0,2.2,5,6.0,))
(2018-12-01,(7.0,7.0,7.0,7.0,7.0,7.0,1,7.0,))
(2018-07-18,(1.0,93.0,10.0,2.0,10.0,20.0,6,22.0,93.0))
(2018-10-22,(13.0,82.0,43.0,16.0,64.0,43.6,5,136.0,))
(2018-04-27,(53.0,53.0,53.0,53.0,53.0,53.0,1,53.0,))
(2018-06-07,(1.0,213.0,10.0,5.0,13.0,42.0,9,25.0,116.0 213.0))
(2018-03-15,(5.0,62.0,27.0,11.0,29.0,26.166666666666668,6,56.0,62.0))
(2018-07-19,(1.0,105.0,9.0,4.0,41.0,27.833333333333332,6,96.5,105.0))
(2018-12-02,(1.0,34.0,5.0,1.0,34.0,10.25,4,83.5,))
(2018-02-03,(11.0,20.0,20.0,11.0,20.0,15.5,2,33.5,))
(2018-02-04,(18.0,193.0,36.0,24.0,111.0,70.0,11,241.5,))
(2018-03-16,(1.0,52.0,15.0,6.0,30.0,18.5,6,66.0,))
(2018-04-28,(1.0,1.0,1.0,1.0,1.0,1.0,1,1.0,))
(2018-10-23,(12.0,23.0,23.0,12.0,23.0,17.5,2,39.5,))
(2018-06-08,(1.0,140.0,47.0,22.0,78.0,52.916666666666664,12,162.0,))
(2018-12-03,(1.0,107.0,65.0,21.0,75.0,53.8,5,156.0,))
(2018-03-17,(3.0,31.0,12.0,3.0,31.0,15.333333333333334,3,73.0,))
(2018-10-24,(1.0,57.0,24.0,5.0,49.0,24.666666666666668,6,115.0,))
(2018-12-04,(2.0,124.0,19.0,4.0,26.0,30.833333333333332,6,59.0,124.0))
(2018-06-09,(3.0,411.0,43.0,12.0,50.0,72.0,10,107.0,411.0))
(2018-02-05,(2.0,196.0,59.0,2.0,102.0,61.57142857142857,7,252.0,))
(2018-02-06,(2.0,93.0,11.0,7.0,93.0,28.25,4,222.0,))
(2018-10-25,(2.0,33.0,2.0,2.0,33.0,12.333333333333334,3,79.5,))
(2018-03-18,(3.0,93.0,18.0,4.0,29.0,29.4,5,66.5,93.0))
(2018-02-07,(2.0,37.0,16.0,2.0,37.0,18.333333333333332,3,89.5,))
(2018-03-19,(1.0,1.0,1.0,1.0,1.0,1.0,1,1.0,))
(2018-12-06,(1.0,71.0,10.0,1.0,25.0,19.142857142857142,7,61.0,71.0))
(2018-10-26,(3.0,21.0,21.0,3.0,21.0,12.0,2,48.0,))
(2018-12-07,(7.0,35.0,35.0,7.0,35.0,21.0,2,77.0,))
(2018-10-27,(8.0,33.0,33.0,8.0,33.0,20.5,2,70.5,))
(2018-02-08,(4.0,143.0,29.0,5.0,45.0,39.833333333333336,6,105.0,143.0))
(2018-02-09,(5.0,205.0,101.0,21.0,187.0,87.08333333333333,12,436.0,))
(2018-10-28,(1.0,74.0,13.0,4.0,16.0,19.666666666666668,6,34.0,74.0))
(2018-12-08,(98.0,98.0,98.0,98.0,98.0,98.0,1,98.0,))
(2018-12-09,(32.0,497.0,497.0,32.0,497.0,264.5,2,1194.5,))
(2018-10-29,(35.0,41.0,41.0,35.0,41.0,38.0,2,50.0,))
(2018-08-30,(1.0,70.0,34.0,1.0,41.0,28.166666666666668,6,101.0,))
(2018-08-31,(1.0,212.0,11.0,3.0,26.0,42.833333333333336,6,60.5,212.0))
(2018-07-20,(3.0,281.0,23.0,14.0,41.0,46.69230769230769,13,81.5,82.0 281.0))
(2018-07-21,(1.0,123.0,114.0,1.0,123.0,79.33333333333333,3,306.0,))
(2018-09-01,(3.0,237.0,83.0,30.0,189.0,86.91666666666667,12,427.5,))
(2018-06-10,(3.0,211.0,45.0,28.0,87.0,63.266666666666666,15,175.5,211.0))
(2018-07-22,(2.0,57.0,7.0,4.0,57.0,17.5,4,136.5,))
(2018-09-02,(1.0,48.0,26.0,4.0,38.0,19.625,8,89.0,))
(2018-04-30,(2.0,2.0,2.0,2.0,2.0,2.0,1,2.0,))
(2018-06-11,(2.0,60.0,41.0,2.0,60.0,34.333333333333336,3,147.0,))
(2018-09-03,(1.0,351.0,193.0,110.0,286.0,170.0,12,550.0,))
(2018-07-23,(1.0,352.0,56.0,13.0,138.0,83.4,15,325.5,352.0))
(2018-03-20,(7.0,20.0,20.0,7.0,20.0,13.5,2,39.5,))
(2018-09-04,(14.0,113.0,53.0,21.0,55.0,49.5,6,106.0,113.0))
(2018-06-12,(6.0,25.0,25.0,6.0,25.0,15.5,2,53.5,))
(2018-07-24,(1.0,92.0,22.0,18.0,50.0,37.22222222222222,9,98.0,))
(2018-07-25,(1.0,206.0,49.0,8.0,99.0,56.25,8,235.5,))
(2018-06-13,(9.0,11.0,11.0,9.0,11.0,10.0,2,14.0,))
(2018-03-21,(1.0,3.0,3.0,1.0,3.0,2.0,2,6.0,))
(2018-09-05,(1.0,119.0,48.0,39.0,83.0,58.888888888888886,9,149.0,))
(2018-05-01,(2.0,7.0,5.0,2.0,7.0,4.666666666666667,3,14.5,))
(2018-05-02,(1.0,25.0,6.0,3.0,11.0,9.2,5,23.0,25.0))
(2018-06-14,(4.0,22.0,5.0,5.0,22.0,9.0,4,47.5,))
(2018-02-10,(2.0,100.0,30.0,12.0,45.0,30.6,10,94.5,100.0))
(2018-03-22,(1.0,23.0,4.0,1.0,4.0,6.6,5,8.5,23.0))
(2018-07-26,(2.0,318.0,12.0,9.0,47.0,55.44444444444444,9,104.0,318.0))
(2018-09-06,(1.0,114.0,34.0,3.0,75.0,43.57142857142857,7,183.0,))
(2018-06-15,(1.0,178.0,29.0,6.0,77.0,47.81818181818182,11,183.5,))
(2018-02-11,(1.0,227.0,15.0,2.0,70.0,42.916666666666664,12,172.0,227.0))
(2018-07-27,(1.0,298.0,31.0,8.0,94.0,73.92307692307692,13,223.0,298.0))
(2018-05-03,(1.0,208.0,37.0,23.0,112.0,63.666666666666664,12,245.5,))
(2018-03-23,(10.0,93.0,40.0,33.0,48.0,44.8,5,70.5,93.0))
(2018-09-07,(2.0,195.0,21.0,7.0,122.0,49.125,8,294.5,))
(2018-10-30,(1.0,57.0,25.0,6.0,48.0,26.285714285714285,7,111.0,))
(2018-12-10,(7.0,108.0,53.0,16.0,86.0,52.166666666666664,6,191.0,))
(2018-12-11,(1.0,4.0,2.0,1.0,3.0,2.1666666666666665,6,6.0,))
(2018-09-08,(2.0,24.0,16.0,2.0,24.0,14.0,3,57.0,))
(2018-03-24,(14.0,14.0,14.0,14.0,14.0,14.0,1,14.0,))
(2018-10-31,(3.0,80.0,80.0,3.0,80.0,41.5,2,195.5,))
(2018-06-16,(1.0,157.0,33.0,4.0,48.0,42.77777777777778,9,114.0,157.0))
(2018-05-04,(3.0,33.0,20.0,5.0,25.0,17.2,5,55.0,))
(2018-02-12,(2.0,70.0,8.0,4.0,70.0,21.0,4,169.0,))
(2018-07-28,(1.0,99.0,30.0,4.0,55.0,35.27272727272727,11,131.5,))
(2018-03-25,(7.0,11.0,11.0,7.0,11.0,9.0,2,17.0,))
(2018-09-09,(6.0,6.0,6.0,6.0,6.0,6.0,1,6.0,))
(2018-05-05,(15.0,27.0,27.0,15.0,27.0,21.0,2,45.0,))
(2018-06-17,(1.0,268.0,36.0,5.0,95.0,69.16666666666667,6,230.0,268.0))
(2018-01-01,(2.0,124.0,8.0,2.0,18.0,26.666666666666668,6,42.0,124.0))
(2018-12-12,(2.0,65.0,15.0,10.0,65.0,23.0,4,147.5,))
(2018-02-13,(3.0,176.0,3.0,3.0,176.0,46.25,4,435.5,))
(2018-07-29,(2.0,167.0,111.0,10.0,163.0,80.0,6,392.5,))
(2018-11-01,(2.0,64.0,14.0,2.0,64.0,26.666666666666668,3,157.0,))
(2018-12-13,(3.0,94.0,3.0,3.0,94.0,33.333333333333336,3,230.5,))
(2018-03-26,(2.0,4.0,4.0,2.0,4.0,3.0,2,7.0,))
(2018-05-06,(9.0,27.0,10.0,9.0,27.0,15.333333333333334,3,54.0,))
(2018-02-14,(2.0,11.0,7.0,2.0,11.0,6.666666666666667,3,24.5,))
(2018-01-02,(4.0,94.0,36.0,34.0,90.0,51.6,5,174.0,))
(2018-06-18,(1.0,223.0,34.0,11.0,166.0,73.5,12,398.5,))
(2018-12-14,(2.0,20.0,9.0,6.0,15.0,10.0,6,28.5,))
(2018-05-07,(1.0,84.0,14.0,1.0,84.0,33.0,3,208.5,))
(2018-02-15,(20.0,70.0,54.0,41.0,65.0,47.875,8,101.0,))
(2018-11-02,(1.0,14.0,6.0,1.0,14.0,7.0,3,33.5,))
(2018-06-19,(10.0,477.0,223.0,103.0,293.0,204.69230769230768,13,578.0,))
(2018-01-03,(4.0,56.0,22.0,6.0,24.0,19.833333333333332,6,51.0,56.0))
(2018-03-27,(3.0,3.0,3.0,3.0,3.0,3.0,2,3.0,))
(2018-02-16,(1.0,13.0,6.0,1.0,13.0,6.666666666666667,3,31.0,))
(2018-11-03,(2.0,108.0,52.0,7.0,90.0,41.625,8,214.5,))
(2018-01-04,(7.0,7.0,7.0,7.0,7.0,7.0,1,7.0,))
(2018-12-15,(4.0,16.0,9.0,6.0,10.0,9.0,5,16.0,))
(2018-03-28,(2.0,93.0,6.0,6.0,15.0,24.4,5,28.5,93.0))
(2018-03-29,(4.0,46.0,19.0,9.0,36.0,22.8,5,76.5,))
(2018-11-04,(5.0,67.0,11.0,5.0,67.0,27.666666666666668,3,160.0,))
(2018-01-05,(1.0,21.0,2.0,1.0,21.0,8.0,3,51.0,))
(2018-02-17,(1.0,4.0,4.0,1.0,4.0,2.5,2,8.5,))
(2018-12-16,(1.0,75.0,27.0,1.0,60.0,32.8,5,148.5,))
(2018-05-09,(2.0,96.0,24.0,14.0,48.0,34.333333333333336,9,99.0,))
(2018-02-18,(2.0,14.0,8.0,4.0,11.0,7.8,5,21.5,))
(2018-12-17,(25.0,25.0,25.0,25.0,25.0,25.0,1,25.0,))
(2018-11-05,(2.0,42.0,8.0,6.0,23.0,16.2,5,48.5,))
(2018-01-06,(7.0,91.0,91.0,7.0,91.0,49.0,2,217.0,))
(2018-12-18,(1.0,69.0,26.0,1.0,69.0,24.25,4,171.0,))
(2018-11-06,(1.0,61.0,13.0,3.0,61.0,19.5,4,148.0,))
(2018-02-19,(2.0,151.0,6.0,3.0,102.0,44.5,6,250.5,))
(2018-01-07,(18.0,287.0,42.0,23.0,92.0,72.33333333333333,12,195.5,287.0))
(2018-12-19,(1.0,20.0,6.0,1.0,6.0,6.0,6,13.5,20.0))
(2018-11-07,(5.0,181.0,31.0,10.0,106.0,52.0,8,250.0,))
(2018-01-08,(4.0,19.0,12.0,4.0,19.0,11.666666666666666,3,41.5,))
(2018-11-08,(1.0,53.0,23.0,4.0,35.0,20.3,10,81.5,))
(2018-01-09,(2.0,24.0,9.0,4.0,24.0,9.75,4,54.0,))
(2018-11-09,(2.0,60.0,8.0,3.0,26.0,16.2,10,60.5,))
(2018-07-30,(1.0,25.0,3.0,3.0,12.0,8.8,5,25.5,))
(2018-09-10,(1.0,30.0,13.0,2.0,14.0,10.5,6,32.0,))
(2018-07-31,(3.0,94.0,15.0,10.0,68.0,28.625,8,155.0,))
(2018-09-11,(1.0,30.0,12.0,1.0,30.0,14.333333333333334,3,73.5,))
(2018-06-20,(5.0,51.0,19.0,6.0,40.0,23.142857142857142,7,91.0,))
(2018-09-12,(1.0,153.0,12.0,4.0,47.0,31.625,8,111.5,153.0))
(2018-06-21,(2.0,78.0,38.0,14.0,42.0,34.46153846153846,13,84.0,))
(2018-08-01,(4.0,67.0,45.0,29.0,48.0,38.6,5,76.5,))
(2018-09-13,(2.0,62.0,25.0,6.0,26.0,24.2,5,56.0,62.0))
(2018-05-10,(1.0,40.0,13.0,2.0,40.0,14.0,4,97.0,))
(2018-08-02,(3.0,47.0,19.0,6.0,23.0,19.6,5,48.5,))
(2018-06-22,(1.0,177.0,36.0,12.0,42.0,44.2,10,87.0,93.0 177.0))
(2018-03-30,(26.0,68.0,68.0,26.0,68.0,47.0,2,131.0,))
(2018-09-14,(3.0,157.0,24.0,3.0,157.0,61.333333333333336,3,388.0,))
